0
0
0
0
0
0
0
0
0
0
0
0
0
0
0
0
0
0
0
0
0
0
0
0
0
0
0
0
0
0
0
0
0
0
0
0
0.12105419342872892
0
0
0
0.12028130608114809
0
0.12171749191860236
0
0
0
0
0.4816509607175973
0
0
0
0
0
0
0.23980364969134466
0.23826477908958366
0
0
0
0
0.5939124020099189
0
0
0
0
0
0.23654379624071592
0
0.23478963127578972
0
0
0
0.5923162158550118
0
0
0
0
0
0.23657932572397436
0.23605865192403191
0
0
0
0
0
0
0.5943286985151445
0
0
0
0
0.2373532781133098
0.23791612557892544
0
0
0
0
0
0
0.5974227078924892
0
0
0
0
0.23878928416407338
0.23955262519573278
0
0
0
0
0
0
0.5982241869843126
0
0
0
0
0.238933823057698
0.23975715725085697
0
0
0
0
0
0
0.478658937069916
0
0
0
0
0.11949262237467664
0.11988888206307606
0
0
0
0
0
0
0.11965106732024977
0
0
0
0
0
0
0
0
0
0
0
0
0
0
0
0
0
0
0
0
0
0
0
0
0
0
0
0
0
0
0
0
0
0
0
0
0
0
0
0
0
0
0
0
0
0
0
0
0
0
0
0
0
0
0
0
0
0
0
0
0
0
0
0
0
0
0
0
0
0
0
0
0
0
0
0
0
0
0
0
0
0
0
0
0
0
0
0
0
0
0
0
0
0
0
0
0
0
0
0
0
0
0
0
0
0
0
0
0
0
0
0
0
0
0
0
0
0
0
0
0
0
0