%%MatrixMarket matrix coordinate real general
% File is created by mor4ansys: software to make a compact model from Ansys files.
% For mor4ansys info contact Evgenii Rudnyi at rudnyi@imtek.de.

262 262 262
1 255 1
2 260 1
3 258 1
4 252 1
5 254 1
6 259 1
7 126 1
8 241 1
9 230 1
10 217 1
11 204 1
12 191 1
13 178 1
14 165 1
15 152 1
16 139 1
17 48 1
18 61 1
19 73 1
20 87 1
21 100 1
22 113 1
23 37 1
24 24 1
25 13 1
26 7 1
27 11 1
28 10 1
29 5 1
30 16 1
31 27 1
32 43 1
33 131 1
34 144 1
35 157 1
36 170 1
37 183 1
38 196 1
39 209 1
40 223 1
41 235 1
42 244 1
43 239 1
44 240 1
45 246 1
46 237 1
47 227 1
48 212 1
49 198 1
50 185 1
51 172 1
52 159 1
53 146 1
54 133 1
55 120 1
56 107 1
57 94 1
58 82 1
59 68 1
60 53 1
61 40 1
62 25 1
63 15 1
64 118 1
65 105 1
66 92 1
67 80 1
68 69 1
69 56 1
70 20 1
71 21 1
72 19 1
73 36 1
74 50 1
75 124 1
76 137 1
77 150 1
78 163 1
79 176 1
80 189 1
81 202 1
82 215 1
83 228 1
84 233 1
85 232 1
86 219 1
87 206 1
88 192 1
89 179 1
90 166 1
91 153 1
92 140 1
93 127 1
94 114 1
95 101 1
96 88 1
97 76 1
98 60 1
99 46 1
100 33 1
101 111 1
102 98 1
103 85 1
104 74 1
105 63 1
106 29 1
107 31 1
108 45 1
109 58 1
110 116 1
111 129 1
112 142 1
113 155 1
114 168 1
115 181 1
116 194 1
117 207 1
118 220 1
119 226 1
120 214 1
121 200 1
122 187 1
123 174 1
124 161 1
125 148 1
126 135 1
127 122 1
128 109 1
129 96 1
130 84 1
131 65 1
132 52 1
133 38 1
134 103 1
135 90 1
136 78 1
137 71 1
138 3 1
139 250 1
140 248 1
141 1 1
142 262 1
143 256 1
144 253 1
145 257 1
146 261 1
147 247 1
148 243 1
149 242 1
150 245 1
151 236 1
152 225 1
153 211 1
154 199 1
155 186 1
156 173 1
157 160 1
158 147 1
159 134 1
160 121 1
161 108 1
162 95 1
163 81 1
164 66 1
165 54 1
166 42 1
167 28 1
168 17 1
169 8 1
170 12 1
171 9 1
172 6 1
173 14 1
174 26 1
175 41 1
176 132 1
177 145 1
178 158 1
179 171 1
180 184 1
181 197 1
182 210 1
183 224 1
184 238 1
185 119 1
186 106 1
187 93 1
188 79 1
189 67 1
190 55 1
191 231 1
192 234 1
193 229 1
194 218 1
195 205 1
196 193 1
197 180 1
198 167 1
199 154 1
200 141 1
201 128 1
202 115 1
203 102 1
204 89 1
205 75 1
206 59 1
207 47 1
208 35 1
209 23 1
210 22 1
211 18 1
212 34 1
213 49 1
214 125 1
215 138 1
216 151 1
217 164 1
218 177 1
219 190 1
220 203 1
221 216 1
222 112 1
223 99 1
224 86 1
225 72 1
226 62 1
227 222 1
228 221 1
229 213 1
230 201 1
231 188 1
232 175 1
233 162 1
234 149 1
235 136 1
236 123 1
237 110 1
238 97 1
239 83 1
240 64 1
241 51 1
242 44 1
243 32 1
244 30 1
245 39 1
246 57 1
247 117 1
248 130 1
249 143 1
250 156 1
251 169 1
252 182 1
253 195 1
254 208 1
255 104 1
256 91 1
257 77 1
258 70 1
259 251 1
260 2 1
261 4 1
262 249 1

