%%MatrixMarket matrix coordinate real general
262 262 262
1 1    1.6809502187020401E-06
2 2    1.6644164350740524E-06
3 3    1.6364683828319488E-06
4 4    1.6790742240455848E-06
5 5    2.6214463953865493E-06
6 6    2.6189379508880008E-06
7 7    2.6047494549922117E-06
8 8    2.6732941562136910E-06
9 9    3.0912409187172338E-06
10 10    3.0984264341715265E-06
11 11    3.0742202858915534E-06
12 12    3.0893981190633454E-06
13 13    2.2253371279877884E-06
14 14    2.6461225394508054E-06
15 15    2.5956083113062837E-06
16 16    2.6826681154565196E-06
17 17    2.6079697661965541E-06
18 18    3.7769123037822879E-06
19 19    4.0406535290688854E-06
20 20    3.6333626484818383E-06
21 21    3.1056740724425067E-06
22 22    3.1299143221332857E-06
23 23    3.8946606750980753E-06
24 24    2.7699961419550386E-06
25 25    2.9740257023323025E-06
26 26    3.0448640659301538E-06
27 27    3.1163126540593652E-06
28 28    2.9704002085707438E-06
29 29    1.9905691821081219E-06
30 30    2.2480666126022317E-06
31 31    2.8543908493987428E-06
32 32    2.6721958136739489E-06
33 33    2.7169898933089198E-06
34 34    3.0218333951385370E-06
35 35    2.7111340270205033E-06
36 36    3.1684114429529746E-06
37 37    2.8859015301353372E-06
38 38    2.5493025617564569E-06
39 39    3.2683667001314500E-06
40 40    2.8293174060285586E-06
41 41    2.8777374784505070E-06
42 42    2.7632431729309421E-06
43 43    2.9248730133380009E-06
44 44    1.8632063985223385E-06
45 45    2.7879223770907420E-06
46 46    2.8248630502125335E-06
47 47    2.5328855793906819E-06
48 48    2.8210726011349146E-06
49 49    2.9924336020147177E-06
50 50    2.8164070771038738E-06
51 51    2.7993068155413221E-06
52 52    2.9125997965090689E-06
53 53    2.8518828722107853E-06
54 54    2.7879874468604921E-06
55 55    2.7943742301670885E-06
56 56    2.7472984897877049E-06
57 57    2.8131770395211004E-06
58 58    2.6018632930443665E-06
59 59    3.0407684414551980E-06
60 60    3.0663389541013206E-06
61 61    2.7732560762357967E-06
62 62    2.5352496136020284E-06
63 63    2.4428303090941734E-06
64 64    3.6131077839845252E-06
65 65    3.5151894456497052E-06
66 66    2.8699125855121471E-06
67 67    2.7143897663538795E-06
68 68    2.8738018780810837E-06
69 69    2.6808012543827423E-06
70 70    1.9202393471199902E-06
71 71    1.8563496336981286E-06
72 72    2.4809918693760277E-06
73 73    2.7654801059162895E-06
74 74    2.4465296146147162E-06
75 75    3.1300217414687274E-06
76 76    3.0878496907208237E-06
77 77    2.6583707909830982E-06
78 78    2.6178262362938163E-06
79 79    2.7248431568880005E-06
80 80    2.7151810377419348E-06
81 81    2.8749531471173428E-06
82 82    2.8758387835571777E-06
83 83    3.0043591770703008E-06
84 84    2.9445866878464665E-06
85 85    2.7029107908283351E-06
86 86    2.7198383193607721E-06
87 87    2.7734703889656256E-06
88 88    2.8564153405226177E-06
89 89    2.8840002165370428E-06
90 90    2.7377045724031573E-06
91 91    2.7658970778255847E-06
92 92    2.7579674238785326E-06
93 93    2.7697089114555099E-06
94 94    2.8194950586256519E-06
95 95    2.8271305695817785E-06
96 96    2.7827846078705991E-06
97 97    2.8266807046488423E-06
98 98    2.7525225614968834E-06
99 99    2.7805664202063087E-06
100 100    2.7944391726406149E-06
101 101    2.7807834332259973E-06
102 102    2.8122513054060697E-06
103 103    2.7520383451298168E-06
104 104    2.8012672966825397E-06
105 105    2.7832443761435894E-06
106 106    2.7999015065358828E-06
107 107    2.7804313859161995E-06
108 108    2.7898007659922060E-06
109 109    2.7441494719448128E-06
110 110    2.7944933035069069E-06
111 111    2.7604297314919549E-06
112 112    2.7984442956074654E-06
113 113    2.7986862192059282E-06
114 114    2.7527885182206485E-06
115 115    2.7774334697135677E-06
116 116    2.7360867582368338E-06
117 117    2.7851063892400115E-06
118 118    2.7849691872039716E-06
119 119    2.8021809822997555E-06
120 120    2.7807425651274450E-06
121 121    2.7849629558368397E-06
122 122    2.7375937588593355E-06
123 123    2.7693928532196944E-06
124 124    2.7540402186998133E-06
125 125    2.7846224718065726E-06
126 126    2.7992052669712881E-06
127 127    2.7628802020943305E-06
128 128    2.7724246647466625E-06
129 129    2.7413493731421886E-06
130 130    2.7688479979635597E-06
131 131    2.7772740556309570E-06
132 132    2.7923301354086863E-06
133 133    2.7878285354835746E-06
134 134    2.7846020810887782E-06
135 135    2.7560335647691586E-06
136 136    2.7659024874471854E-06
137 137    2.7553721792183201E-06
138 138    2.7759330385837600E-06
139 139    2.7926087853695581E-06
140 140    2.7754908149848540E-06
141 141    2.7719641148058400E-06
142 142    2.7588179351074242E-06
143 143    2.7685603151451842E-06
144 144    2.7765239540229265E-06
145 145    2.7891423043103603E-06
146 146    2.7922574025569426E-06
147 147    2.7836352526571865E-06
148 148    2.7690912710093340E-06
149 149    2.7570707352113860E-06
150 150    2.7673235676181157E-06
151 151    2.7790155185375705E-06
152 152    2.7944143940892182E-06
153 153    2.7813407553922810E-06
154 154    2.7670316642864052E-06
155 155    2.7683839791677570E-06
156 156    2.7622739064658666E-06
157 157    2.7827422635158919E-06
158 158    2.7925056205675748E-06
159 159    2.7926418833391255E-06
160 160    2.7791936929093115E-06
161 161    2.7735947545463475E-06
162 162    2.7555161718475700E-06
163 163    2.7730567629281671E-06
164 164    2.7810656015771551E-06
165 165    2.7950435050433373E-06
166 166    2.7798701839199381E-06
167 167    2.7622433365089542E-06
168 168    2.7716839957423114E-06
169 169    2.7858049166373831E-06
170 170    2.7850377791800423E-06
171 171    2.7965013108025749E-06
172 172    2.7894233538758759E-06
173 173    2.7677815930205613E-06
174 174    2.7695962719984742E-06
175 175    2.7514928436782369E-06
176 176    2.7786767028430398E-06
177 177    2.8134766608502206E-06
178 178    2.7973071941195586E-06
179 179    2.7703590909943559E-06
180 180    2.7362748109602256E-06
181 181    2.7762660857766671E-06
182 182    2.8172286491277927E-06
183 183    2.7936481510559115E-06
184 184    2.8278258920224631E-06
185 185    2.7824823498144923E-06
186 186    2.7439933652324185E-06
187 187    2.7429224775410645E-06
188 188    2.7306991374920581E-06
189 189    2.8148022142311904E-06
190 190    2.8694749665099835E-06
191 191    2.8128680583721310E-06
192 192    2.7429465908851488E-06
193 193    2.6858930863530735E-06
194 194    2.7861932416287158E-06
195 195    2.9060069649097033E-06
196 196    2.8437871473816492E-06
197 197    2.8718258853777148E-06
198 198    2.7753286093589449E-06
199 199    2.7008184603331915E-06
200 200    2.6775278670874644E-06
201 201    2.5870375132179920E-06
202 202    2.9402741287533068E-06
203 203    3.0274014659101197E-06
204 204    2.8324742849564627E-06
205 205    2.4582166032548068E-06
206 206    2.7008776438469073E-06
207 207    2.8134546511884565E-06
208 208    3.2633046759718922E-06
209 209    2.9227119060417521E-06
210 210    2.8960464457343976E-06
211 211    2.7530157240173214E-06
212 212    2.8000374565857718E-06
213 213    1.8636164639852248E-06
214 214    2.5067135782708883E-06
215 215    3.1252623068171240E-06
216 216    3.0269209034501759E-06
217 217    2.8581312260570538E-06
218 218    2.7294107901198103E-06
219 219    2.7241349612010737E-06
220 220    2.8516051470837234E-06
221 221    2.7017848616627022E-06
222 222    2.2450312642017497E-06
223 223    3.0081962725900083E-06
224 224    3.0649479837030193E-06
225 225    3.0287327559509535E-06
226 226    2.0423032361204195E-06
227 227    2.9906060316501988E-06
228 228    3.9635761412451815E-06
229 229    3.9276694202680564E-06
230 230    2.7159682427919226E-06
231 231    3.7355406886977919E-06
232 232    3.6802690766418758E-06
233 233    3.1394040900915416E-06
234 234    3.1098489198031109E-06
235 235    2.6139781201199247E-06
236 236    2.6773526564038515E-06
237 237    2.6422918001075596E-06
238 238    2.6425120647611830E-06
239 239    3.1266046711870973E-06
240 240    3.0990322275442043E-06
241 241    2.1663552003701473E-06
242 242    3.0595940023260975E-06
243 243    3.0360705272132460E-06
244 244    2.6813727697478124E-06
245 245    2.6204283008600545E-06
246 246    2.6196484649754608E-06
247 247    2.5721362692246646E-06
248 248    1.6799641234687758E-06
249 249    1.6803334160083517E-06
250 250    1.6642404215575040E-06
251 251    1.6502897575208278E-06
252 252    1.4435059993775665E-06
253 253    1.4344586499517802E-06
254 254    1.3909284281616599E-06
255 255    1.4007581076901027E-06
256 256    1.3306218674259214E-06
257 257    1.3247614859691806E-06
258 258    1.3362261749488182E-06
259 259    1.1194334964454595E-06
260 260    1.0665466836568223E-06
261 261    1.0665466836568231E-06
262 262    1.0665466836568227E-06
