
 LIST ALL SELECTED ELEMENTS.  (LIST NODES)
 
    ELEM MAT TYP REL ESY SEC        NODES
 
       1   1   1   1   0   1    145   147   146   146
       2   1   1   1   0   1    145   144   147   147
       3   1   1   1   0   1    135   159   136   136
       4   1   1   1   0   1    135   160   159   159
       5   1   1   1   0   1    166    73    21    21
       6   1   1   1   0   1    166    72    73    73
       7   1   1   1   0   1    167    69    27    27
       8   1   1   1   0   1    167    68    69    69
       9   1   1   1   0   1    168    57    47    47
      10   1   1   1   0   1    168    56    57    57
      11   1   1   1   0   1    165    53    52    52
      12   1   1   1   0   1    165    90    53    53
      13   1   1   1   0   1     56   168    48    48
      14   1   1   1   0   1    168    44    48    48
      15   1   1   1   0   1     47    44   168   168
      16   1   1   1   0   1     68   167    29    29
      17   1   1   1   0   1    167    22    29    29
      18   1   1   1   0   1     27    22   167   167
      19   1   1   1   0   1     72   166    23    23
      20   1   1   1   0   1    166     2    23    23
 
    ELEM MAT TYP REL ESY SEC        NODES
 
      21   1   1   1   0   1     21     2   166   166
      22   1   1   1   0   1     90   165     3     3
      23   1   1   1   0   1    165     1     3     3
      24   1   1   1   0   1     52     1   165   165
      25   1   1   1   0   1    163   164   158   158
      26   1   1   1   0   1    162   163   157   157
      27   1   1   1   0   1    161   162   156   156
      28   1   1   1   0   1    159   158   136   136
      29   1   1   1   0   1    158   157   163   163
      30   1   1   1   0   1    157   156   162   162
      31   1   1   1   0   1    156   155   161   161
      32   1   1   1   0   1    155   154   137   137
      33   1   1   1   0   1    154   153   138   138
      34   1   1   1   0   1    153   152   139   139
      35   1   1   1   0   1    152   151   140   140
      36   1   1   1   0   1    151   150   141   141
      37   1   1   1   0   1    150   149   142   142
      38   1   1   1   0   1    149   148   143   143
      39   1   1   1   0   1    148   147   144   144
      40   1   1   1   0   1    144   143   148   148
 
    ELEM MAT TYP REL ESY SEC        NODES
 
      41   1   1   1   0   1    143   142   149   149
      42   1   1   1   0   1    142   141   150   150
      43   1   1   1   0   1    141   140   151   151
      44   1   1   1   0   1    140   139   152   152
      45   1   1   1   0   1    139   138   153   153
      46   1   1   1   0   1    138   137   154   154
      47   1   1   1   0   1    137   161   155   155
      48   1   1   1   0   1    164   136   158   158
      49   1   1   1   0   1    135   134   160   160
      50   1   1   1   0   1    134   133   160   160
      51   1   1   1   0   1    163   131   164   164
      52   1   1   1   0   1    162   130   163   163
      53   1   1   1   0   1    161   129   162   162
      54   1   1   1   0   1    127   160   133   133
      55   1   1   1   0   1    126   159   160   160
      56   1   1   1   0   1    125   158   159   159
      57   1   1   1   0   1    124   157   158   158
      58   1   1   1   0   1    123   156   157   157
      59   1   1   1   0   1    122   155   156   156
      60   1   1   1   0   1    121   154   155   155
 
    ELEM MAT TYP REL ESY SEC        NODES
 
      61   1   1   1   0   1    120   153   154   154
      62   1   1   1   0   1    119   152   153   153
      63   1   1   1   0   1    118   151   152   152
      64   1   1   1   0   1    117   150   151   151
      65   1   1   1   0   1    116   149   150   150
      66   1   1   1   0   1    115   148   149   149
      67   1   1   1   0   1    114   147   148   148
      68   1   1   1   0   1    113   146   147   147
      69   1   1   1   0   1    111   145   146   146
      70   1   1   1   0   1    109   144   145   145
      71   1   1   1   0   1    108   143   144   144
      72   1   1   1   0   1    107   142   143   143
      73   1   1   1   0   1    106   141   142   142
      74   1   1   1   0   1    105   140   141   141
      75   1   1   1   0   1    104   139   140   140
      76   1   1   1   0   1    103   138   139   139
      77   1   1   1   0   1    102   137   138   138
      78   1   1   1   0   1    137   128   161   161
      79   1   1   1   0   1    132   136   164   164
      80   1   1   1   0   1    101   135   136   136
 
    ELEM MAT TYP REL ESY SEC        NODES
 
      81   1   1   1   0   1    100   134   135   135
      82   1   1   1   0   1     98   133   134   134
      83   1   1   1   0   1    131   132   164   164
      84   1   1   1   0   1    130   131   163   163
      85   1   1   1   0   1    129   130   162   162
      86   1   1   1   0   1    128   129   161   161
      87   1   1   1   0   1     97   127   133   133
      88   1   1   1   0   1    127   126   160   160
      89   1   1   1   0   1    126   125   159   159
      90   1   1   1   0   1    125   124   158   158
      91   1   1   1   0   1    124   123   157   157
      92   1   1   1   0   1    123   122   156   156
      93   1   1   1   0   1    122   121   155   155
      94   1   1   1   0   1    121   120   154   154
      95   1   1   1   0   1    120   119   153   153
      96   1   1   1   0   1    119   118   152   152
      97   1   1   1   0   1    118   117   151   151
      98   1   1   1   0   1    117   116   150   150
      99   1   1   1   0   1    116   115   149   149
     100   1   1   1   0   1    115   114   148   148
 
    ELEM MAT TYP REL ESY SEC        NODES
 
     101   1   1   1   0   1    114   113   147   147
     102   1   1   1   0   1    113   112   146   146
     103   1   1   1   0   1    112   111   146   146
     104   1   1   1   0   1    111   110   145   145
     105   1   1   1   0   1    110   109   145   145
     106   1   1   1   0   1    109   108   144   144
     107   1   1   1   0   1    108   107   143   143
     108   1   1   1   0   1    107   106   142   142
     109   1   1   1   0   1    106   105   141   141
     110   1   1   1   0   1    105   104   140   140
     111   1   1   1   0   1    104   103   139   139
     112   1   1   1   0   1    103   102   138   138
     113   1   1   1   0   1    102   128   137   137
     114   1   1   1   0   1    132   101   136   136
     115   1   1   1   0   1    101   100   135   135
     116   1   1   1   0   1    100    99   134   134
     117   1   1   1   0   1     99    98   134   134
     118   1   1   1   0   1     98    97   133   133
     119   1   1   1   0   1    131    95   132   132
     120   1   1   1   0   1    130    94   131   131
 
    ELEM MAT TYP REL ESY SEC        NODES
 
     121   1   1   1   0   1    129    93   130   130
     122   1   1   1   0   1    128    92   129   129
     123   1   1   1   0   1     89   127    97    97
     124   1   1   1   0   1     88   126   127   127
     125   1   1   1   0   1     87   125   126   126
     126   1   1   1   0   1     86   124   125   125
     127   1   1   1   0   1     85   123   124   124
     128   1   1   1   0   1     84   122   123   123
     129   1   1   1   0   1     83   121   122   122
     130   1   1   1   0   1     82   120   121   121
     131   1   1   1   0   1     81   119   120   120
     132   1   1   1   0   1     80   118   119   119
     133   1   1   1   0   1     79   117   118   118
     134   1   1   1   0   1     78   116   117   117
     135   1   1   1   0   1     77   115   116   116
     136   1   1   1   0   1     76   114   115   115
     137   1   1   1   0   1     75   113   114   114
     138   1   1   1   0   1     74   112   113   113
     139   1   1   1   0   1     71   111   112   112
     140   1   1   1   0   1     70   110   111   111
 
    ELEM MAT TYP REL ESY SEC        NODES
 
     141   1   1   1   0   1     67   109   110   110
     142   1   1   1   0   1     66   108   109   109
     143   1   1   1   0   1     65   107   108   108
     144   1   1   1   0   1     64   106   107   107
     145   1   1   1   0   1     63   105   106   106
     146   1   1   1   0   1     62   104   105   105
     147   1   1   1   0   1     61   103   104   104
     148   1   1   1   0   1     60   102   103   103
     149   1   1   1   0   1    102    91   128   128
     150   1   1   1   0   1     96   101   132   132
     151   1   1   1   0   1     59   100   101   101
     152   1   1   1   0   1     58    99   100   100
     153   1   1   1   0   1     55    98    99    99
     154   1   1   1   0   1     54    97    98    98
     155   1   1   1   0   1     95    96   132   132
     156   1   1   1   0   1     94    95   131   131
     157   1   1   1   0   1     93    94   130   130
     158   1   1   1   0   1     92    93   129   129
     159   1   1   1   0   1     91    92   128   128
     160   1   1   1   0   1     90    89    97    97
 
    ELEM MAT TYP REL ESY SEC        NODES
 
     161   1   1   1   0   1     89    88   127   127
     162   1   1   1   0   1     88    87   126   126
     163   1   1   1   0   1     87    86   125   125
     164   1   1   1   0   1     86    85   124   124
     165   1   1   1   0   1     85    84   123   123
     166   1   1   1   0   1     84    83   122   122
     167   1   1   1   0   1     83    82   121   121
     168   1   1   1   0   1     82    81   120   120
     169   1   1   1   0   1     81    80   119   119
     170   1   1   1   0   1     80    79   118   118
     171   1   1   1   0   1     79    78   117   117
     172   1   1   1   0   1     78    77   116   116
     173   1   1   1   0   1     77    76   115   115
     174   1   1   1   0   1     76    75   114   114
     175   1   1   1   0   1     75    74   113   113
     176   1   1   1   0   1     74    73   112   112
     177   1   1   1   0   1     73    72   112   112
     178   1   1   1   0   1     72    71   112   112
     179   1   1   1   0   1     71    70   111   111
     180   1   1   1   0   1     70    69   110   110
 
    ELEM MAT TYP REL ESY SEC        NODES
 
     181   1   1   1   0   1     69    68   110   110
     182   1   1   1   0   1     68    67   110   110
     183   1   1   1   0   1     67    66   109   109
     184   1   1   1   0   1     66    65   108   108
     185   1   1   1   0   1     65    64   107   107
     186   1   1   1   0   1     64    63   106   106
     187   1   1   1   0   1     63    62   105   105
     188   1   1   1   0   1     62    61   104   104
     189   1   1   1   0   1     61    60   103   103
     190   1   1   1   0   1     60    91   102   102
     191   1   1   1   0   1     96    59   101   101
     192   1   1   1   0   1     59    58   100   100
     193   1   1   1   0   1     58    57    99    99
     194   1   1   1   0   1     57    56    99    99
     195   1   1   1   0   1     56    55    99    99
     196   1   1   1   0   1     55    54    98    98
     197   1   1   1   0   1     54    53    97    97
     198   1   1   1   0   1     53    90    97    97
     199   1   1   1   0   1     95    39    96    96
     200   1   1   1   0   1     94    40    95    95
 
    ELEM MAT TYP REL ESY SEC        NODES
 
     201   1   1   1   0   1     93    41    94    94
     202   1   1   1   0   1     92    42    93    93
     203   1   1   1   0   1     91    43    92    92
     204   1   1   1   0   1      4    89    90    90
     205   1   1   1   0   1      5    88    89    89
     206   1   1   1   0   1      6    87    88    88
     207   1   1   1   0   1      7    86    87    87
     208   1   1   1   0   1      8    85    86    86
     209   1   1   1   0   1      9    84    85    85
     210   1   1   1   0   1     10    83    84    84
     211   1   1   1   0   1     11    82    83    83
     212   1   1   1   0   1     12    81    82    82
     213   1   1   1   0   1     13    80    81    81
     214   1   1   1   0   1     14    79    80    80
     215   1   1   1   0   1     15    78    79    79
     216   1   1   1   0   1     16    77    78    78
     217   1   1   1   0   1     17    76    77    77
     218   1   1   1   0   1     18    75    76    76
     219   1   1   1   0   1     19    74    75    75
     220   1   1   1   0   1     20    73    74    74
 
    ELEM MAT TYP REL ESY SEC        NODES
 
     221   1   1   1   0   1     24    71    72    72
     222   1   1   1   0   1     25    70    71    71
     223   1   1   1   0   1     26    69    70    70
     224   1   1   1   0   1     30    67    68    68
     225   1   1   1   0   1     31    66    67    67
     226   1   1   1   0   1     32    65    66    66
     227   1   1   1   0   1     33    64    65    65
     228   1   1   1   0   1     34    63    64    64
     229   1   1   1   0   1     35    62    63    63
     230   1   1   1   0   1     36    61    62    62
     231   1   1   1   0   1     37    60    61    61
     232   1   1   1   0   1     60    28    91    91
     233   1   1   1   0   1     38    59    96    96
     234   1   1   1   0   1     45    58    59    59
     235   1   1   1   0   1     46    57    58    58
     236   1   1   1   0   1     49    55    56    56
     237   1   1   1   0   1     50    54    55    55
     238   1   1   1   0   1     51    53    54    54
     239   1   1   1   0   1     39    38    96    96
     240   1   1   1   0   1     40    39    95    95
 
    ELEM MAT TYP REL ESY SEC        NODES
 
     241   1   1   1   0   1     41    40    94    94
     242   1   1   1   0   1     42    41    93    93
     243   1   1   1   0   1     43    42    92    92
     244   1   1   1   0   1     28    43    91    91
     245   1   1   1   0   1      3     4    90    90
     246   1   1   1   0   1      4     5    89    89
     247   1   1   1   0   1      5     6    88    88
     248   1   1   1   0   1      6     7    87    87
     249   1   1   1   0   1      7     8    86    86
     250   1   1   1   0   1      8     9    85    85
     251   1   1   1   0   1      9    10    84    84
     252   1   1   1   0   1     10    11    83    83
     253   1   1   1   0   1     11    12    82    82
     254   1   1   1   0   1     12    13    81    81
     255   1   1   1   0   1     13    14    80    80
     256   1   1   1   0   1     14    15    79    79
     257   1   1   1   0   1     15    16    78    78
     258   1   1   1   0   1     16    17    77    77
     259   1   1   1   0   1     17    18    76    76
     260   1   1   1   0   1     18    19    75    75
 
    ELEM MAT TYP REL ESY SEC        NODES
 
     261   1   1   1   0   1     19    20    74    74
     262   1   1   1   0   1     20    21    73    73
     263   1   1   1   0   1     23    24    72    72
     264   1   1   1   0   1     24    25    71    71
     265   1   1   1   0   1     25    26    70    70
     266   1   1   1   0   1     26    27    69    69
     267   1   1   1   0   1     29    30    68    68
     268   1   1   1   0   1     30    31    67    67
     269   1   1   1   0   1     31    32    66    66
     270   1   1   1   0   1     32    33    65    65
     271   1   1   1   0   1     33    34    64    64
     272   1   1   1   0   1     34    35    63    63
     273   1   1   1   0   1     35    36    62    62
     274   1   1   1   0   1     36    37    61    61
     275   1   1   1   0   1     37    28    60    60
     276   1   1   1   0   1     38    45    59    59
     277   1   1   1   0   1     45    46    58    58
     278   1   1   1   0   1     46    47    57    57
     279   1   1   1   0   1     48    49    56    56
     280   1   1   1   0   1     49    50    55    55
 
    ELEM MAT TYP REL ESY SEC        NODES
 
     281   1   1   1   0   1     50    51    54    54
     282   1   1   1   0   1     51    52    53    53
     283   1   1   1   0   1    283   307   282   282
     284   1   1   1   0   1    306   307   283   283
     285   1   1   1   0   1    298   296   297   297
     286   1   1   1   0   1    295   296   298   298
     287   1   1   1   0   1    306   284   305   305
     288   1   1   1   0   1    283   284   306   306
     289   1   1   1   0   1    226   313    47    47
     290   1   1   1   0   1    225   313   226   226
     291   1   1   1   0   1    222   314   174   174
     292   1   1   1   0   1    221   314   222   222
     293   1   1   1   0   1    204   315   194   194
     294   1   1   1   0   1    203   315   204   204
     295   1   1   1   0   1    237   312   200   200
     296   1   1   1   0   1     29   312   237   237
     297   1   1   1   0   1    315   203   195   195
     298   1   1   1   0   1    175   315   195   195
     299   1   1   1   0   1    175   194   315   315
     300   1   1   1   0   1    314   221   176   176
 
    ELEM MAT TYP REL ESY SEC        NODES
 
     301   1   1   1   0   1    169   314   176   176
     302   1   1   1   0   1    169   174   314   314
     303   1   1   1   0   1    313   225   170   170
     304   1   1   1   0   1     44   313   170   170
     305   1   1   1   0   1     44    47   313   313
     306   1   1   1   0   1    312   199   200   200
     307   1   1   1   0   1     22   312    29    29
     308   1   1   1   0   1     22   199   312   312
     309   1   1   1   0   1    311   310   293   293
     310   1   1   1   0   1    310   309   292   292
     311   1   1   1   0   1    309   308   291   291
     312   1   1   1   0   1    304   305   285   285
     313   1   1   1   0   1    303   304   286   286
     314   1   1   1   0   1    302   303   287   287
     315   1   1   1   0   1    301   302   288   288
     316   1   1   1   0   1    300   301   289   289
     317   1   1   1   0   1    308   300   290   290
     318   1   1   1   0   1    299   311   293   293
     319   1   1   1   0   1    298   299   294   294
     320   1   1   1   0   1    294   295   298   298
 
    ELEM MAT TYP REL ESY SEC        NODES
 
     321   1   1   1   0   1    293   294   299   299
     322   1   1   1   0   1    292   293   310   310
     323   1   1   1   0   1    291   292   309   309
     324   1   1   1   0   1    290   291   308   308
     325   1   1   1   0   1    289   290   300   300
     326   1   1   1   0   1    288   289   301   301
     327   1   1   1   0   1    287   288   302   302
     328   1   1   1   0   1    286   287   303   303
     329   1   1   1   0   1    285   286   304   304
     330   1   1   1   0   1    284   285   305   305
     331   1   1   1   0   1    281   282   307   307
     332   1   1   1   0   1    280   281   307   307
     333   1   1   1   0   1    278   310   311   311
     334   1   1   1   0   1    277   309   310   310
     335   1   1   1   0   1    276   308   309   309
     336   1   1   1   0   1    307   274   280   280
     337   1   1   1   0   1    306   273   307   307
     338   1   1   1   0   1    305   272   306   306
     339   1   1   1   0   1    304   271   305   305
     340   1   1   1   0   1    303   270   304   304
 
    ELEM MAT TYP REL ESY SEC        NODES
 
     341   1   1   1   0   1    302   269   303   303
     342   1   1   1   0   1    301   268   302   302
     343   1   1   1   0   1    300   267   301   301
     344   1   1   1   0   1    275   300   308   308
     345   1   1   1   0   1    299   279   311   311
     346   1   1   1   0   1    298   266   299   299
     347   1   1   1   0   1    297   265   298   298
     348   1   1   1   0   1    296   263   297   297
     349   1   1   1   0   1    295   261   296   296
     350   1   1   1   0   1    294   260   295   295
     351   1   1   1   0   1    293   259   294   294
     352   1   1   1   0   1    292   258   293   293
     353   1   1   1   0   1    291   257   292   292
     354   1   1   1   0   1    290   256   291   291
     355   1   1   1   0   1    289   255   290   290
     356   1   1   1   0   1    288   254   289   289
     357   1   1   1   0   1    287   253   288   288
     358   1   1   1   0   1    286   252   287   287
     359   1   1   1   0   1    285   251   286   286
     360   1   1   1   0   1    284   250   285   285
 
    ELEM MAT TYP REL ESY SEC        NODES
 
     361   1   1   1   0   1    283   249   284   284
     362   1   1   1   0   1    282   248   283   283
     363   1   1   1   0   1    281   247   282   282
     364   1   1   1   0   1    280   245   281   281
     365   1   1   1   0   1    279   278   311   311
     366   1   1   1   0   1    278   277   310   310
     367   1   1   1   0   1    277   276   309   309
     368   1   1   1   0   1    276   275   308   308
     369   1   1   1   0   1    274   244   280   280
     370   1   1   1   0   1    273   274   307   307
     371   1   1   1   0   1    272   273   306   306
     372   1   1   1   0   1    271   272   305   305
     373   1   1   1   0   1    270   271   304   304
     374   1   1   1   0   1    269   270   303   303
     375   1   1   1   0   1    268   269   302   302
     376   1   1   1   0   1    267   268   301   301
     377   1   1   1   0   1    275   267   300   300
     378   1   1   1   0   1    266   279   299   299
     379   1   1   1   0   1    265   266   298   298
     380   1   1   1   0   1    264   265   297   297
 
    ELEM MAT TYP REL ESY SEC        NODES
 
     381   1   1   1   0   1    263   264   297   297
     382   1   1   1   0   1    262   263   296   296
     383   1   1   1   0   1    261   262   296   296
     384   1   1   1   0   1    260   261   295   295
     385   1   1   1   0   1    259   260   294   294
     386   1   1   1   0   1    258   259   293   293
     387   1   1   1   0   1    257   258   292   292
     388   1   1   1   0   1    256   257   291   291
     389   1   1   1   0   1    255   256   290   290
     390   1   1   1   0   1    254   255   289   289
     391   1   1   1   0   1    253   254   288   288
     392   1   1   1   0   1    252   253   287   287
     393   1   1   1   0   1    251   252   286   286
     394   1   1   1   0   1    250   251   285   285
     395   1   1   1   0   1    249   250   284   284
     396   1   1   1   0   1    248   249   283   283
     397   1   1   1   0   1    247   248   282   282
     398   1   1   1   0   1    246   247   281   281
     399   1   1   1   0   1    245   246   281   281
     400   1   1   1   0   1    244   245   280   280
 
    ELEM MAT TYP REL ESY SEC        NODES
 
     401   1   1   1   0   1    242   278   279   279
     402   1   1   1   0   1    241   277   278   278
     403   1   1   1   0   1    240   276   277   277
     404   1   1   1   0   1    239   275   276   276
     405   1   1   1   0   1    274   236   244   244
     406   1   1   1   0   1    273   235   274   274
     407   1   1   1   0   1    272   234   273   273
     408   1   1   1   0   1    271   233   272   272
     409   1   1   1   0   1    270   232   271   271
     410   1   1   1   0   1    269   231   270   270
     411   1   1   1   0   1    268   230   269   269
     412   1   1   1   0   1    267   229   268   268
     413   1   1   1   0   1    238   267   275   275
     414   1   1   1   0   1    266   243   279   279
     415   1   1   1   0   1    265   228   266   266
     416   1   1   1   0   1    264   227   265   265
     417   1   1   1   0   1    263   224   264   264
     418   1   1   1   0   1    262   223   263   263
     419   1   1   1   0   1    261   220   262   262
     420   1   1   1   0   1    260   219   261   261
 
    ELEM MAT TYP REL ESY SEC        NODES
 
     421   1   1   1   0   1    259   218   260   260
     422   1   1   1   0   1    258   217   259   259
     423   1   1   1   0   1    257   216   258   258
     424   1   1   1   0   1    256   215   257   257
     425   1   1   1   0   1    255   214   256   256
     426   1   1   1   0   1    254   213   255   255
     427   1   1   1   0   1    253   212   254   254
     428   1   1   1   0   1    252   211   253   253
     429   1   1   1   0   1    251   210   252   252
     430   1   1   1   0   1    250   209   251   251
     431   1   1   1   0   1    249   208   250   250
     432   1   1   1   0   1    248   207   249   249
     433   1   1   1   0   1    247   206   248   248
     434   1   1   1   0   1    246   205   247   247
     435   1   1   1   0   1    245   202   246   246
     436   1   1   1   0   1    244   201   245   245
     437   1   1   1   0   1    243   242   279   279
     438   1   1   1   0   1    242   241   278   278
     439   1   1   1   0   1    241   240   277   277
     440   1   1   1   0   1    240   239   276   276
 
    ELEM MAT TYP REL ESY SEC        NODES
 
     441   1   1   1   0   1    239   238   275   275
     442   1   1   1   0   1    237   200   244   244
     443   1   1   1   0   1    236   237   244   244
     444   1   1   1   0   1    235   236   274   274
     445   1   1   1   0   1    234   235   273   273
     446   1   1   1   0   1    233   234   272   272
     447   1   1   1   0   1    232   233   271   271
     448   1   1   1   0   1    231   232   270   270
     449   1   1   1   0   1    230   231   269   269
     450   1   1   1   0   1    229   230   268   268
     451   1   1   1   0   1    238   229   267   267
     452   1   1   1   0   1    228   243   266   266
     453   1   1   1   0   1    227   228   265   265
     454   1   1   1   0   1    226   227   264   264
     455   1   1   1   0   1    225   226   264   264
     456   1   1   1   0   1    224   225   264   264
     457   1   1   1   0   1    223   224   263   263
     458   1   1   1   0   1    222   223   262   262
     459   1   1   1   0   1    221   222   262   262
     460   1   1   1   0   1    220   221   262   262
 
    ELEM MAT TYP REL ESY SEC        NODES
 
     461   1   1   1   0   1    219   220   261   261
     462   1   1   1   0   1    218   219   260   260
     463   1   1   1   0   1    217   218   259   259
     464   1   1   1   0   1    216   217   258   258
     465   1   1   1   0   1    215   216   257   257
     466   1   1   1   0   1    214   215   256   256
     467   1   1   1   0   1    213   214   255   255
     468   1   1   1   0   1    212   213   254   254
     469   1   1   1   0   1    211   212   253   253
     470   1   1   1   0   1    210   211   252   252
     471   1   1   1   0   1    209   210   251   251
     472   1   1   1   0   1    208   209   250   250
     473   1   1   1   0   1    207   208   249   249
     474   1   1   1   0   1    206   207   248   248
     475   1   1   1   0   1    205   206   247   247
     476   1   1   1   0   1    204   205   246   246
     477   1   1   1   0   1    203   204   246   246
     478   1   1   1   0   1    202   203   246   246
     479   1   1   1   0   1    201   202   245   245
     480   1   1   1   0   1    200   201   244   244
 
    ELEM MAT TYP REL ESY SEC        NODES
 
     481   1   1   1   0   1     39   242   243   243
     482   1   1   1   0   1     40   241   242   242
     483   1   1   1   0   1     41   240   241   241
     484   1   1   1   0   1     42   239   240   240
     485   1   1   1   0   1     43   238   239   239
     486   1   1   1   0   1    236    30   237   237
     487   1   1   1   0   1    235    31   236   236
     488   1   1   1   0   1    234    32   235   235
     489   1   1   1   0   1    233    33   234   234
     490   1   1   1   0   1    232    34   233   233
     491   1   1   1   0   1    231    35   232   232
     492   1   1   1   0   1    230    36   231   231
     493   1   1   1   0   1    229    37   230   230
     494   1   1   1   0   1     28   229   238   238
     495   1   1   1   0   1    228    38   243   243
     496   1   1   1   0   1    227    45   228   228
     497   1   1   1   0   1    226    46   227   227
     498   1   1   1   0   1    224   171   225   225
     499   1   1   1   0   1    223   172   224   224
     500   1   1   1   0   1    222   173   223   223
 
    ELEM MAT TYP REL ESY SEC        NODES
 
     501   1   1   1   0   1    220   177   221   221
     502   1   1   1   0   1    219   178   220   220
     503   1   1   1   0   1    218   179   219   219
     504   1   1   1   0   1    217   180   218   218
     505   1   1   1   0   1    216   181   217   217
     506   1   1   1   0   1    215   182   216   216
     507   1   1   1   0   1    214   183   215   215
     508   1   1   1   0   1    213   184   214   214
     509   1   1   1   0   1    212   185   213   213
     510   1   1   1   0   1    211   186   212   212
     511   1   1   1   0   1    210   187   211   211
     512   1   1   1   0   1    209   188   210   210
     513   1   1   1   0   1    208   189   209   209
     514   1   1   1   0   1    207   190   208   208
     515   1   1   1   0   1    206   191   207   207
     516   1   1   1   0   1    205   192   206   206
     517   1   1   1   0   1    204   193   205   205
     518   1   1   1   0   1    202   196   203   203
     519   1   1   1   0   1    201   197   202   202
     520   1   1   1   0   1    200   198   201   201
 
    ELEM MAT TYP REL ESY SEC        NODES
 
     521   1   1   1   0   1     38    39   243   243
     522   1   1   1   0   1     39    40   242   242
     523   1   1   1   0   1     40    41   241   241
     524   1   1   1   0   1     41    42   240   240
     525   1   1   1   0   1     42    43   239   239
     526   1   1   1   0   1     43    28   238   238
     527   1   1   1   0   1     30    29   237   237
     528   1   1   1   0   1     31    30   236   236
     529   1   1   1   0   1     32    31   235   235
     530   1   1   1   0   1     33    32   234   234
     531   1   1   1   0   1     34    33   233   233
     532   1   1   1   0   1     35    34   232   232
     533   1   1   1   0   1     36    35   231   231
     534   1   1   1   0   1     37    36   230   230
     535   1   1   1   0   1     28    37   229   229
     536   1   1   1   0   1     45    38   228   228
     537   1   1   1   0   1     46    45   227   227
     538   1   1   1   0   1     47    46   226   226
     539   1   1   1   0   1    171   170   225   225
     540   1   1   1   0   1    172   171   224   224
 
    ELEM MAT TYP REL ESY SEC        NODES
 
     541   1   1   1   0   1    173   172   223   223
     542   1   1   1   0   1    174   173   222   222
     543   1   1   1   0   1    177   176   221   221
     544   1   1   1   0   1    178   177   220   220
     545   1   1   1   0   1    179   178   219   219
     546   1   1   1   0   1    180   179   218   218
     547   1   1   1   0   1    181   180   217   217
     548   1   1   1   0   1    182   181   216   216
     549   1   1   1   0   1    183   182   215   215
     550   1   1   1   0   1    184   183   214   214
     551   1   1   1   0   1    185   184   213   213
     552   1   1   1   0   1    186   185   212   212
     553   1   1   1   0   1    187   186   211   211
     554   1   1   1   0   1    188   187   210   210
     555   1   1   1   0   1    189   188   209   209
     556   1   1   1   0   1    190   189   208   208
     557   1   1   1   0   1    191   190   207   207
     558   1   1   1   0   1    192   191   206   206
     559   1   1   1   0   1    193   192   205   205
     560   1   1   1   0   1    194   193   204   204
 
    ELEM MAT TYP REL ESY SEC        NODES
 
     561   1   1   1   0   1    196   195   203   203
     562   1   1   1   0   1    197   196   202   202
     563   1   1   1   0   1    198   197   201   201
     564   1   1   1   0   1    199   198   200   200


