%%MatrixMarket matrix coordinate real general
262 262 1704
1 1   -1.3877787807814457E-17
1 5   -1.0002558444233769E-03
1 13   -4.4141816555760861E-03
1 16   -8.0007567370330539E-03
2 2    1.3877787807814457E-17
2 6   -1.0405508903698797E-03
2 13   -4.3738866096295834E-03
2 14   -8.0007567370330521E-03
3 3    0.0000000000000000E+00
3 7   -1.2381324916766676E-03
3 15   -7.8338908999905383E-03
4 4    0.0000000000000000E+00
4 8   -1.2651047888983143E-03
4 17   -7.8568298018805542E-03
5 1    1.0002558444233769E-03
5 5    0.0000000000000000E+00
5 10   -7.0046794418678754E-04
5 16   -6.5711718447644812E-03
5 19   -9.0192228380470141E-03
6 2    1.0405508903698832E-03
6 6    0.0000000000000000E+00
6 9   -8.6052704790948176E-04
6 14   -6.4111127410417905E-03
6 18   -9.1622071403690657E-03
7 3    1.2381324916766710E-03
7 7    0.0000000000000000E+00
7 11   -9.4362616338930679E-04
7 15   -6.4003221549470534E-03
7 20   -9.1545568227761991E-03
8 4    1.2651047888983177E-03
8 8   -2.7755575615628914E-17
8 12   -8.4320245663406859E-04
8 17   -6.5391172159612876E-03
8 23   -9.1667730183142126E-03
9 6    8.6052704790948002E-04
9 9   -1.3877787807814457E-17
9 12    2.4075842783678053E-05
9 18   -8.2666316057490030E-03
9 22   -9.2021713184919605E-03
10 5    7.0046794418678754E-04
10 10    0.0000000000000000E+00
10 11    2.6639996845750392E-04
10 19   -8.5089557314228272E-03
10 21   -9.0273561130856331E-03
11 7    9.4362616338930505E-04
11 10   -2.6639996845750219E-04
11 11    0.0000000000000000E+00
11 20   -8.1430216315503349E-03
11 21   -9.1679716697640416E-03
12 8    8.4320245663407206E-04
12 9   -2.4075842783678053E-05
12 12    0.0000000000000000E+00
12 22   -8.9648587066332545E-03
12 23   -8.3624068553341431E-03
13 1    4.4141816555760861E-03
13 2    4.3738866096295799E-03
13 13    0.0000000000000000E+00
13 14   -3.5572352110476418E-03
13 16   -3.5572352110476487E-03
13 24   -8.7880682652056660E-03
14 2    8.0007567370330539E-03
14 6    6.4111127410417940E-03
14 13    3.5572352110476435E-03
14 14    0.0000000000000000E+00
14 18   -3.2663482308825462E-03
14 24   -4.7344085061505076E-03
14 26   -9.9683479520894340E-03
15 3    7.8338908999905435E-03
15 7    6.4003221549470517E-03
15 15    0.0000000000000000E+00
15 20   -3.1567383343223294E-03
15 25   -9.8852488366096107E-03
16 1    8.0007567370330504E-03
16 5    6.5711718447644778E-03
16 13    3.5572352110476470E-03
16 16    1.3877787807814457E-17
16 19   -3.2020658074693592E-03
16 24   -4.7986909295636947E-03
16 27   -1.0128407055812130E-02
17 4    7.8568298018805507E-03
17 8    6.5391172159612841E-03
17 17    1.3877787807814457E-17
17 23   -3.1564753817015564E-03
17 28   -9.9856725433648506E-03
18 6    9.1622071403690657E-03
18 9    8.2666316057490030E-03
18 14    3.2663482308825445E-03
18 18   -1.3877787807814457E-17
18 22    1.6816847301147526E-04
18 26   -5.0041942347757024E-03
18 30   -6.8893074983767712E-03
18 34   -8.9698537168596132E-03
19 5    9.0192228380470123E-03
19 10    8.5089557314228237E-03
19 16    3.2020658074693592E-03
19 19   -1.3877787807814457E-17
19 21    1.2252370454819816E-03
19 27   -5.1895346255855998E-03
19 31   -6.9059961872941960E-03
19 36   -9.8599506095413889E-03
20 7    9.1545568227761991E-03
20 11    8.1430216315503366E-03
20 15    3.1567383343223260E-03
20 20   -2.7755575615628914E-17
20 21    9.7022558723798558E-05
20 25   -5.1011473129632312E-03
20 29   -6.6994602102548508E-03
20 33   -8.7507318241545756E-03
21 10    9.0273561130856349E-03
21 11    9.1679716697640433E-03
21 19   -1.2252370454819816E-03
21 20   -9.7022558723798558E-05
21 21    1.3877787807814457E-17
21 29   -7.9427346242820600E-03
21 31   -8.9303335543618363E-03
22 9    9.2021713184919571E-03
22 12    8.9648587066332580E-03
22 18   -1.6816847301147353E-04
22 22    0.0000000000000000E+00
22 23   -9.1873542051532781E-04
22 30   -8.2834358979766327E-03
22 32   -8.7966902336217810E-03
23 8    9.1667730183142143E-03
23 12    8.3624068553341466E-03
23 17    3.1564753817015546E-03
23 22    9.1873542051532434E-04
23 23    1.3877787807814457E-17
23 28   -5.1562622794967782E-03
23 32   -6.9136416666167747E-03
23 35   -9.5344867297516879E-03
24 13    8.7880682652056660E-03
24 14    4.7344085061505042E-03
24 16    4.7986909295636912E-03
24 24    0.0000000000000000E+00
24 26   -4.3738866096295816E-03
24 27   -4.4141816555760861E-03
24 37   -9.5330994357141971E-03
25 15    9.8852488366096142E-03
25 20    5.1011473129632286E-03
25 25    0.0000000000000000E+00
25 33   -5.2177971229476795E-03
25 40   -9.2774523212860241E-03
26 14    9.9683479520894340E-03
26 18    5.0041942347757024E-03
26 24    4.3738866096295782E-03
26 26   -1.3877787807814457E-17
26 34   -5.2793075298867911E-03
26 37   -4.6890404222026429E-03
26 41   -9.3780808444052823E-03
27 16    1.0128407055812128E-02
27 19    5.1895346255855998E-03
27 24    4.4141816555760861E-03
27 27    0.0000000000000000E+00
27 36   -5.3791062301820382E-03
27 37   -4.7493008256300935E-03
27 43   -9.6037162811616859E-03
28 17    9.9856725433648506E-03
28 23    5.1562622794967747E-03
28 28    0.0000000000000000E+00
28 35   -5.3452063269337144E-03
28 42   -9.3055949905979218E-03
29 20    6.6994602102548491E-03
29 21    7.9427346242820565E-03
29 29    0.0000000000000000E+00
29 31   -2.2603442986131594E-03
29 33   -3.8313193963181013E-03
29 38   -8.5505311396056483E-03
30 18    6.8893074983767712E-03
30 22    8.2834358979766293E-03
30 30    0.0000000000000000E+00
30 32   -1.5361567589978198E-03
30 34   -4.7628836316948031E-03
30 39   -8.8737030056607845E-03
31 19    6.9059961872941916E-03
31 21    8.9303335543618363E-03
31 29    2.2603442986131629E-03
31 31   -1.3877787807814457E-17
31 36   -4.0217748396670257E-03
31 38   -4.9085587146948080E-03
31 45   -9.1663404859073545E-03
32 22    8.7966902336217793E-03
32 23    6.9136416666167773E-03
32 30    1.5361567589978163E-03
32 32    0.0000000000000000E+00
32 35   -2.8964735398105471E-03
32 39   -5.9002166938112340E-03
32 44   -8.4497984256145953E-03
33 20    8.7507318241545739E-03
33 25    5.2177971229476830E-03
33 29    3.8313193963181030E-03
33 33    0.0000000000000000E+00
33 38   -4.1374762007969079E-03
33 40   -4.6132556233576694E-03
33 46   -9.0491165192657826E-03
34 18    8.9698537168596115E-03
34 26    5.2793075298867911E-03
34 30    4.7628836316947996E-03
34 34    0.0000000000000000E+00
34 39   -4.2273195613456863E-03
34 41   -4.7425341555139260E-03
34 49   -1.0042191161581594E-02
35 23    9.5344867297516896E-03
35 28    5.3452063269337179E-03
35 32    2.8964735398105471E-03
35 35    0.0000000000000000E+00
35 42   -4.4147002359592145E-03
35 44   -5.1197864937924734E-03
35 47   -8.2416798667442632E-03
36 19    9.8599506095413854E-03
36 27    5.3791062301820347E-03
36 31    4.0217748396670257E-03
36 36   -1.3877787807814457E-17
36 43   -4.5789157539591740E-03
36 45   -5.2810348555822131E-03
36 50   -9.4008810698490639E-03
37 24    9.5330994357142006E-03
37 26    4.6890404222026463E-03
37 27    4.7493008256300900E-03
37 37   -1.3877787807814457E-17
37 41   -4.7344085061505059E-03
37 43   -4.7986909295636947E-03
37 48   -9.4383412478327364E-03
38 29    8.5505311396056501E-03
38 31    4.9085587146948089E-03
38 33    4.1374762007969079E-03
38 38   -1.3877787807814457E-17
38 45   -3.8524385846311227E-03
38 46   -4.6980925549745273E-03
38 52   -9.0460349154917168E-03
39 30    8.8737030056607845E-03
39 32    5.9002166938112322E-03
39 34    4.2273195613456889E-03
39 39    0.0000000000000000E+00
39 44    4.5457372041446051E-04
39 49   -4.6936224666576862E-03
39 51   -5.5327756057583855E-03
39 57   -9.2294149088160936E-03
40 25    9.2774523212860241E-03
40 33    4.6132556233576677E-03
40 40    0.0000000000000000E+00
40 46   -4.5884118990833812E-03
40 53   -9.2904081890258818E-03
41 26    9.3780808444052857E-03
41 34    4.7425341555139260E-03
41 37    4.7344085061505059E-03
41 41    0.0000000000000000E+00
41 48   -4.6890404222026377E-03
41 49   -4.6890404222026446E-03
41 55   -9.4769426616644337E-03
42 28    9.3055949905979200E-03
42 35    4.4147002359592145E-03
42 42    0.0000000000000000E+00
42 47   -4.6528707833100869E-03
42 54   -9.1150546561382141E-03
43 27    9.6037162811616859E-03
43 36    4.5789157539591757E-03
43 37    4.7986909295636912E-03
43 43    1.3877787807814457E-17
43 48   -4.6535475065827021E-03
43 50   -4.9501687745789839E-03
43 56   -9.3776066835228669E-03
44 32    8.4497984256145936E-03
44 35    5.1197864937924734E-03
44 39   -4.5457372041446051E-04
44 44    0.0000000000000000E+00
44 47   -4.4746724389183035E-03
44 51   -8.6403387600743047E-03
45 31    9.1663404859073545E-03
45 36    5.2810348555822131E-03
45 38    3.8524385846311210E-03
45 45    0.0000000000000000E+00
45 50   -4.3495230597887131E-03
45 52   -4.8168174261186431E-03
45 58   -9.1334734402133376E-03
46 33    9.0491165192657791E-03
46 38    4.6980925549745291E-03
46 40    4.5884118990833812E-03
46 46   -1.3877787807814457E-17
46 52   -4.3384873885224280E-03
46 53   -4.7106291307433528E-03
46 60   -9.2865044540579103E-03
47 35    8.2416798667442649E-03
47 42    4.6528707833100834E-03
47 44    4.4746724389183035E-03
47 47    0.0000000000000000E+00
47 51   -3.5280053643757005E-03
47 54   -4.7136745023685644E-03
47 59   -9.1275432222283868E-03
48 37    9.4383412478327364E-03
48 41    4.6890404222026377E-03
48 43    4.6535475065826986E-03
48 48   -1.3877787807814457E-17
48 55   -4.6890404222026429E-03
48 56   -4.7493008256300935E-03
48 61   -9.3425879287853363E-03
49 34    1.0042191161581594E-02
49 39    4.6936224666576862E-03
49 41    4.6890404222026446E-03
49 49    0.0000000000000000E+00
49 55   -4.5031422326067376E-03
49 57   -5.5390489289748532E-03
49 62   -9.3826628888603290E-03
50 36    9.4008810698490639E-03
50 43    4.9501687745789839E-03
50 45    4.3495230597887131E-03
50 50   -1.3877787807814457E-17
50 56   -4.4063534257030735E-03
50 58   -4.9945276441459895E-03
50 63   -9.2996918343676953E-03
51 39    5.5327756057583881E-03
51 44    8.6403387600743030E-03
51 47    3.5280053643757005E-03
51 51   -1.3877787807814457E-17
51 57   -3.0453751485014294E-03
51 59   -5.5949636115728719E-03
51 64   -9.0607809701340851E-03
52 38    9.0460349154917186E-03
52 45    4.8168174261186431E-03
52 46    4.3384873885224315E-03
52 52    1.3877787807814457E-17
52 58   -3.5994639002711812E-03
52 60   -5.4465710152205356E-03
52 65   -9.1553048146410729E-03
53 40    9.2904081890258818E-03
53 46    4.7106291307433511E-03
53 53   -1.3877787807814457E-17
53 60   -4.5876362908790127E-03
53 68   -9.3780808444052857E-03
54 42    9.1150546561382124E-03
54 47    4.7136745023685644E-03
54 54    1.3877787807814457E-17
54 59   -4.4260142339355747E-03
54 66   -9.3541407187997007E-03
55 41    9.4769426616644302E-03
55 48    4.6890404222026463E-03
55 49    4.5031422326067376E-03
55 55   -1.3877787807814457E-17
55 61   -4.6189814358472518E-03
55 62   -4.8579612258171801E-03
55 67   -9.1921826548093805E-03
56 43    9.3776066835228669E-03
56 48    4.7493008256300900E-03
56 50    4.4063534257030752E-03
56 56    0.0000000000000000E+00
56 61   -4.6119726416804473E-03
56 63   -4.7656340418424179E-03
56 69   -9.1556542513331653E-03
57 39    9.2294149088160936E-03
57 49    5.5390489289748567E-03
57 51    3.0453751485014328E-03
57 57    0.0000000000000000E+00
57 62   -3.3607656465068497E-03
57 64   -5.8686492623092456E-03
57 70   -8.5844240774762860E-03
58 45    9.1334734402133376E-03
58 50    4.9945276441459886E-03
58 52    3.5994639002711812E-03
58 58    0.0000000000000000E+00
58 63   -3.4227255476600715E-03
58 65   -5.7107478925532626E-03
58 71   -8.5939915444171698E-03
59 47    9.1275432222283903E-03
59 51    5.5949636115728719E-03
59 54    4.4260142339355747E-03
59 59    0.0000000000000000E+00
59 64   -4.4336080202704766E-03
59 66   -4.6939352019579120E-03
59 75   -1.0020977845508445E-02
60 46    9.2865044540579103E-03
60 52    5.4465710152205374E-03
60 53    4.5876362908790110E-03
60 60    0.0000000000000000E+00
60 65   -4.5167520166694078E-03
60 68   -4.7697524373885008E-03
60 76   -1.0034207306099548E-02
61 48    9.3425879287853363E-03
61 55    4.6189814358472518E-03
61 56    4.6119726416804473E-03
61 61   -1.3877787807814457E-17
61 67   -4.6890404222026394E-03
61 69   -4.6535475065827003E-03
61 73   -9.2309540775277026E-03
62 49    9.3826628888603325E-03
62 55    4.8579612258171818E-03
62 57    3.3607656465068497E-03
62 62    0.0000000000000000E+00
62 67   -4.4950665734616816E-03
62 70   -4.8875963153986492E-03
62 72   -8.2187268723240281E-03
63 50    9.2996918343676970E-03
63 56    4.7656340418424214E-03
63 58    3.4227255476600715E-03
63 63    0.0000000000000000E+00
63 69   -4.5262558628981573E-03
63 71   -4.7734359714695362E-03
63 74   -8.1883595895024894E-03
64 51    9.0607809701340851E-03
64 57    5.8686492623092473E-03
64 59    4.4336080202704731E-03
64 64    0.0000000000000000E+00
64 70    1.0776146402892081E-04
64 75   -4.5783173531644562E-03
64 77   -5.7164586198613174E-03
64 83   -9.1760237437169545E-03
65 52    9.1553048146410729E-03
65 58    5.7107478925532626E-03
65 60    4.5167520166694078E-03
65 65    0.0000000000000000E+00
65 71   -1.0079057449534357E-05
65 76   -4.5551253663390946E-03
65 78   -5.7530865580694354E-03
65 84   -9.0645137420056789E-03
66 54    9.3541407187996972E-03
66 59    4.6939352019579120E-03
66 66    1.3877787807814457E-17
66 75   -4.6829059169965354E-03
66 81   -9.3466594092457486E-03
67 55    9.1921826548093839E-03
67 61    4.6890404222026411E-03
67 62    4.4950665734616816E-03
67 67    0.0000000000000000E+00
67 72   -4.5436241124021896E-03
67 73   -4.6485585424071961E-03
67 79   -9.1841069956643193E-03
68 53    9.3780808444052823E-03
68 60    4.7697524373885008E-03
68 68    0.0000000000000000E+00
68 76   -4.6873635817231470E-03
68 82   -9.4587928595911419E-03
69 56    9.1556542513331653E-03
69 61    4.6535475065827021E-03
69 63    4.5262558628981573E-03
69 69    2.7755575615628914E-17
69 73   -4.6473378070660404E-03
69 74   -4.5083164442671266E-03
69 80   -9.1798033694808594E-03
70 57    8.5844240774762895E-03
70 62    4.8875963153986492E-03
70 64   -1.0776146402891734E-04
70 70    0.0000000000000000E+00
70 72   -4.7717591922246672E-03
70 77   -8.5924997366213490E-03
71 58    8.5939915444171698E-03
71 63    4.7734359714695397E-03
71 65    1.0079057449534357E-05
71 71    0.0000000000000000E+00
71 74   -4.8076641470667682E-03
71 78   -8.5698424262694757E-03
72 62    8.2187268723240316E-03
72 67    4.5436241124021878E-03
72 70    4.7717591922246672E-03
72 72   -1.3877787807814457E-17
72 77   -3.5452441493331877E-03
72 79   -4.6734827229908422E-03
72 86   -9.3153833046268550E-03
73 61    9.2309540775277043E-03
73 67    4.6485585424071926E-03
73 69    4.6473378070660404E-03
73 73   -1.3877787807814457E-17
73 79   -4.6189814358472536E-03
73 80   -4.6119726416804473E-03
73 87   -9.2958963494732330E-03
74 63    8.1883595895024912E-03
74 69    4.5083164442671266E-03
74 71    4.8076641470667647E-03
74 74    0.0000000000000000E+00
74 78   -3.5111313380358795E-03
74 80   -4.6772282514666117E-03
74 85   -9.3159805913338931E-03
75 59    1.0020977845508445E-02
75 64    4.5783173531644579E-03
75 66    4.6829059169965388E-03
75 75    0.0000000000000000E+00
75 81   -4.6160773178328760E-03
75 83   -5.4049005276755671E-03
75 89   -9.2612232701609933E-03
76 60    1.0034207306099548E-02
76 65    4.5551253663390946E-03
76 68    4.6873635817231453E-03
76 76    0.0000000000000000E+00
76 82   -4.6279225151165532E-03
76 84   -5.4062847909829986E-03
76 88   -9.2424889480622417E-03
77 64    5.7164586198613174E-03
77 70    8.5924997366213472E-03
77 72    3.5452441493331877E-03
77 77    2.7755575615628914E-17
77 83   -3.8364519797039649E-03
77 86   -4.7560477569173806E-03
77 91   -9.2617027691945034E-03
78 65    5.7530865580694354E-03
78 71    8.5698424262694792E-03
78 74    3.5111313380358777E-03
78 78   -1.3877787807814457E-17
78 84   -3.8154046143085360E-03
78 85   -4.7544378119609397E-03
78 90   -9.2642178961053149E-03
79 67    9.1841069956643193E-03
79 72    4.6734827229908404E-03
79 73    4.6189814358472501E-03
79 79    0.0000000000000000E+00
79 86   -4.5287706684832910E-03
79 87   -4.6553363271810318E-03
79 93   -9.2924641588380940E-03
80 69    9.1798033694808594E-03
80 73    4.6119726416804473E-03
80 74    4.6772282514666134E-03
80 80    1.3877787807814457E-17
80 85   -4.5271794028305876E-03
80 87   -4.6526239666502718E-03
80 92   -9.2892008931470607E-03
81 66    9.3466594092457504E-03
81 75    4.6160773178328812E-03
81 81    1.3877787807814457E-17
81 89   -4.6922710954276133E-03
81 95   -9.3051177400355171E-03
82 68    9.4587928595911419E-03
82 76    4.6279225151165532E-03
82 82    1.3877787807814457E-17
82 88   -4.7940860737887073E-03
82 94   -9.3306944132634205E-03
83 64    9.1760237437169528E-03
83 75    5.4049005276755671E-03
83 77    3.8364519797039684E-03
83 83   -1.3877787807814457E-17
83 89   -4.5686905758058512E-03
83 91   -4.6073331679111033E-03
83 97   -9.2413525073795338E-03
84 65    9.0645137420056754E-03
84 76    5.4062847909829952E-03
84 78    3.8154046143085360E-03
84 84    1.3877787807814457E-17
84 88   -4.4649932207652798E-03
84 90   -4.5995205212403991E-03
84 96   -9.2216894052915329E-03
85 74    9.3159805913338913E-03
85 78    4.7544378119609397E-03
85 80    4.5271794028305876E-03
85 85    1.3877787807814457E-17
85 90   -4.6613153228524662E-03
85 92   -4.6546652684814269E-03
85 98   -9.2816172147915273E-03
86 72    9.3153833046268550E-03
86 77    4.7560477569173788E-03
86 79    4.5287706684832910E-03
86 86    0.0000000000000000E+00
86 91   -4.6542965506404157E-03
86 93   -4.6610867539864410E-03
86 99   -9.2848184254006698E-03
87 73    9.2958963494732313E-03
87 79    4.6553363271810283E-03
87 80    4.6526239666502718E-03
87 87   -1.3877787807814457E-17
87 92   -4.6473378070660386E-03
87 93   -4.6485585424071926E-03
87 100   -9.3079602938313036E-03
88 76    9.2424889480622434E-03
88 82    4.7940860737887073E-03
88 84    4.4649932207652746E-03
88 88   -1.3877787807814457E-17
88 94   -4.6127708814400672E-03
88 96   -4.6297180666221745E-03
88 101   -9.2590792945539853E-03
89 75    9.2612232701609933E-03
89 81    4.6922710954276151E-03
89 83    4.5686905758058546E-03
89 89    0.0000000000000000E+00
89 95   -4.6165147017481513E-03
89 97   -4.6447085684128411E-03
89 102   -9.2609616712334645E-03
90 78    9.2642178961053132E-03
90 84    4.5995205212403991E-03
90 85    4.6613153228524662E-03
90 90   -1.3877787807814457E-17
90 96   -4.6187517765887455E-03
90 98   -4.6454661195165703E-03
90 103   -9.2608358440928670E-03
91 77    9.2617027691945034E-03
91 83    4.6073331679111016E-03
91 86    4.6542965506404105E-03
91 91    1.3877787807814457E-17
91 97   -4.6047316577858943E-03
91 99   -4.6569711114086074E-03
91 104   -9.2616297185515138E-03
92 80    9.2892008931470607E-03
92 85    4.6546652684814286E-03
92 87    4.6473378070660386E-03
92 92    0.0000000000000000E+00
92 98   -4.6280103001758218E-03
92 100   -4.6611905929712406E-03
92 105   -9.3020030755474672E-03
93 79    9.2924641588380957E-03
93 86    4.6610867539864410E-03
93 87    4.6485585424071961E-03
93 93    0.0000000000000000E+00
93 99   -4.6262128253541160E-03
93 100   -4.6662513334839763E-03
93 106   -9.3096452963936371E-03
94 82    9.3306944132634240E-03
94 88    4.6127708814400654E-03
94 94    1.3877787807814457E-17
94 101   -4.6714692000472532E-03
94 107   -9.3034881441222024E-03
95 81    9.3051177400355171E-03
95 89    4.6165147017481548E-03
95 95    0.0000000000000000E+00
95 102   -4.6526510198352123E-03
95 108   -9.2877495035513132E-03
96 84    9.2216894052915312E-03
96 88    4.6297180666221745E-03
96 90    4.6187517765887420E-03
96 96    0.0000000000000000E+00
96 101   -4.5968296989714816E-03
96 103   -4.6248597063200513E-03
96 109   -9.2484698432109200E-03
97 83    9.2413525073795355E-03
97 89    4.6447085684128420E-03
97 91    4.6047316577858925E-03
97 97   -1.3877787807814457E-17
97 102   -4.5997153814101993E-03
97 104   -4.6416371259693345E-03
97 110   -9.2494402261987380E-03
98 85    9.2816172147915273E-03
98 90    4.6454661195165677E-03
98 92    4.6280103001758201E-03
98 98    0.0000000000000000E+00
98 103   -4.6296846587220077E-03
98 105   -4.6519325560695195E-03
98 111   -9.2734764196923912E-03
99 86    9.2848184254006715E-03
99 91    4.6569711114086108E-03
99 93    4.6262128253541160E-03
99 99   -1.3877787807814457E-17
99 104   -4.6203606258492722E-03
99 106   -4.6644577995514028E-03
99 112   -9.2831839367627268E-03
100 87    9.3079602938313018E-03
100 92    4.6611905929712372E-03
100 93    4.6662513334839728E-03
100 100    1.3877787807814457E-17
100 105   -4.6526239666502718E-03
100 106   -4.6553363271810318E-03
100 113   -9.3274419264552134E-03
101 88    9.2590792945539818E-03
101 94    4.6714692000472523E-03
101 96    4.5968296989714816E-03
101 101    1.3877787807814457E-17
101 107   -4.6405504653033568E-03
101 109   -4.6185288292506267E-03
101 114   -9.2682988990187357E-03
102 89    9.2609616712334662E-03
102 95    4.6526510198352123E-03
102 97    4.5997153814102028E-03
102 102    0.0000000000000000E+00
102 108   -4.6315589526205597E-03
102 110   -4.6294027186129074E-03
102 115   -9.2523664012454133E-03
103 90    9.2608358440928653E-03
103 96    4.6248597063200513E-03
103 98    4.6296846587220095E-03
103 103   -1.3877787807814457E-17
103 109   -4.6357799731982299E-03
103 111   -4.6250558708946354E-03
103 116   -9.2545443650420573E-03
104 91    9.2616297185515173E-03
104 97    4.6416371259693379E-03
104 99    4.6203606258492652E-03
104 104    0.0000000000000000E+00
104 110   -4.6146758351590603E-03
104 112   -4.6469538833924552E-03
104 117   -9.2619977518186049E-03
105 92    9.3020030755474672E-03
105 98    4.6519325560695178E-03
105 100    4.6526239666502753E-03
105 105   -1.3877787807814457E-17
105 111   -4.6420176736970704E-03
105 113   -4.6599854018503951E-03
105 118   -9.3045565227197931E-03
106 93    9.3096452963936337E-03
106 99    4.6644577995514028E-03
106 100    4.6553363271810318E-03
106 106    0.0000000000000000E+00
106 112   -4.6416512283824849E-03
106 113   -4.6679940680111522E-03
106 119   -9.3197941267324294E-03
107 94    9.3034881441222059E-03
107 101    4.6405504653033586E-03
107 107   -1.3877787807814457E-17
107 114   -4.6411430025793832E-03
107 120   -9.3052572511057967E-03
108 95    9.2877495035513149E-03
108 102    4.6315589526205597E-03
108 108    1.3877787807814457E-17
108 115   -4.6352404603414608E-03
108 121   -9.2859472664386933E-03
109 96    9.2484698432109182E-03
109 101    4.6185288292506232E-03
109 103    4.6357799731982299E-03
109 109    0.0000000000000000E+00
109 114   -4.6349367540775809E-03
109 116   -4.6135330891333383E-03
109 122   -9.2543088024488566E-03
110 97    9.2494402261987380E-03
110 102    4.6294027186129065E-03
110 104    4.6146758351590655E-03
110 110    0.0000000000000000E+00
110 115   -4.6166484884455038E-03
110 117   -4.6327917377532333E-03
110 123   -9.2440785537719651E-03
111 98    9.2734764196923912E-03
111 103    4.6250558708946319E-03
111 105    4.6420176736970686E-03
111 111    0.0000000000000000E+00
111 116   -4.6350282247065305E-03
111 118   -4.6384481949858581E-03
111 124   -9.2670735445917057E-03
112 99    9.2831839367627251E-03
112 104    4.6469538833924552E-03
112 106    4.6416512283824832E-03
112 112    1.3877787807814457E-17
112 117   -4.6273558580617290E-03
112 119   -4.6558280787009979E-03
112 125   -9.2886051117749384E-03
113 100    9.3274419264552134E-03
113 105    4.6599854018503951E-03
113 106    4.6679940680111540E-03
113 113    1.3877787807814457E-17
113 118   -4.6611905929712406E-03
113 119   -4.6662513334839745E-03
113 126   -9.3279794698615491E-03
114 101    9.2682988990187357E-03
114 107    4.6411430025793850E-03
114 109    4.6349367540775809E-03
114 114   -1.3877787807814457E-17
114 120   -4.6526903458392645E-03
114 122   -4.6156085531794703E-03
114 127   -9.2760797566569624E-03
115 102    9.2523664012454099E-03
115 108    4.6352404603414582E-03
115 110    4.6166484884455038E-03
115 115    0.0000000000000000E+00
115 121   -4.6339176691648463E-03
115 123   -4.6184487320805653E-03
115 128   -9.2518889487869620E-03
116 103    9.2545443650420590E-03
116 109    4.6135330891333374E-03
116 111    4.6350282247065340E-03
116 116    0.0000000000000000E+00
116 122   -4.6430188984108861E-03
116 124   -4.6115254666311738E-03
116 129   -9.2485613138398697E-03
117 104    9.2619977518186049E-03
117 110    4.6327917377532307E-03
117 112    4.6273558580617324E-03
117 117    0.0000000000000000E+00
117 123   -4.6274936792034590E-03
117 125   -4.6345040726151468E-03
117 130   -9.2601475958149632E-03
118 105    9.3045565227197931E-03
118 111    4.6384481949858572E-03
118 113    4.6611905929712424E-03
118 118   -1.3877787807814457E-17
118 124   -4.6449705981173733E-03
118 126   -4.6595859246024163E-03
118 131   -9.2996387879570978E-03
119 106    9.3197941267324329E-03
119 112    4.6558280787009979E-03
119 113    4.6662513334839763E-03
119 119    0.0000000000000000E+00
119 125   -4.6504375996154201E-03
119 126   -4.6693565271170145E-03
119 132   -9.3220794121849707E-03
120 107    9.3052572511057967E-03
120 114    4.6526903458392645E-03
120 120    0.0000000000000000E+00
120 127   -4.6409495587494045E-03
120 133   -9.3119155590554309E-03
121 108    9.2859472664386968E-03
121 115    4.6339176691648463E-03
121 121    0.0000000000000000E+00
121 128   -4.6333978455561165E-03
121 134   -9.2863843893651495E-03
122 109    9.2543088024488566E-03
122 114    4.6156085531794712E-03
122 116    4.6430188984108826E-03
122 122    0.0000000000000000E+00
122 127   -4.6407511427422558E-03
122 129   -4.6135576597066009E-03
122 135   -9.2586274515903573E-03
123 110    9.2440785537719668E-03
123 115    4.6184487320805635E-03
123 117    4.6274936792034572E-03
123 123    0.0000000000000000E+00
123 128   -4.6199912914782204E-03
123 130   -4.6240872622937464E-03
123 136   -9.2459424112840242E-03
124 111    9.2670735445917057E-03
124 116    4.6115254666311729E-03
124 118    4.6449705981173733E-03
124 124    0.0000000000000000E+00
124 129   -4.6343961205425610E-03
124 131   -4.6326774240491404E-03
124 137   -9.2564960647485497E-03
125 112    9.2886051117749367E-03
125 117    4.6345040726151459E-03
125 119    4.6504375996154167E-03
125 125    0.0000000000000000E+00
125 130   -4.6372352620114056E-03
125 132   -4.6513698497635363E-03
125 138   -9.2849416722305643E-03
126 113    9.3279794698615526E-03
126 118    4.6595859246024197E-03
126 119    4.6693565271170110E-03
126 126    0.0000000000000000E+00
126 131   -4.6599854018503951E-03
126 132   -4.6679940680111522E-03
126 139   -9.3289424517194307E-03
127 114    9.2760797566569658E-03
127 120    4.6409495587494062E-03
127 122    4.6407511427422575E-03
127 127    0.0000000000000000E+00
127 133   -4.6527988229536892E-03
127 135   -4.6232809337032766E-03
127 140   -9.2817007014916637E-03
128 115    9.2518889487869620E-03
128 121    4.6333978455561156E-03
128 123    4.6199912914782204E-03
128 128    0.0000000000000000E+00
128 134   -4.6341028533875249E-03
128 136   -4.6177860953994371E-03
128 141   -9.2533891370343360E-03
129 116    9.2485613138398731E-03
129 122    4.6135576597065991E-03
129 124    4.6343961205425679E-03
129 129    1.3877787807814457E-17
129 135   -4.6375627983579887E-03
129 137   -4.6109985154818853E-03
129 142   -9.2479537802491636E-03
130 117    9.2601475958149649E-03
130 123    4.6240872622937447E-03
130 125    4.6372352620114021E-03
130 130    0.0000000000000000E+00
130 136   -4.6296610136359502E-03
130 138   -4.6304865821790147E-03
130 143   -9.2613225243051503E-03
131 118    9.2996387879570978E-03
131 124    4.6326774240491430E-03
131 126    4.6599854018503951E-03
131 131   -1.3877787807814457E-17
131 137   -4.6444712420948865E-03
131 139   -4.6551675458622113E-03
131 144   -9.2926628258995364E-03
132 119    9.3220794121849741E-03
132 125    4.6513698497635363E-03
132 126    4.6679940680111522E-03
132 132    0.0000000000000000E+00
132 138   -4.6554521569884526E-03
132 139   -4.6666272551965197E-03
132 145   -9.3193639177746868E-03
133 120    9.3119155590554309E-03
133 127    4.6527988229536875E-03
133 133    0.0000000000000000E+00
133 140   -4.6470128165935418E-03
133 146   -9.3151439644965084E-03
134 121    9.2863843893651529E-03
134 128    4.6341028533875214E-03
134 134    1.3877787807814457E-17
134 141   -4.6341992722821511E-03
134 147   -9.2866118965973798E-03
135 122    9.2586274515903556E-03
135 127    4.6232809337032749E-03
135 129    4.6375627983579817E-03
135 135   -1.3877787807814457E-17
135 140   -4.6373499270989035E-03
135 142   -4.6212775244914512E-03
135 148   -9.2608437320612635E-03
136 123    9.2459424112840260E-03
136 128    4.6177860953994405E-03
136 130    4.6296610136359467E-03
136 136   -1.3877787807814457E-17
136 141   -4.6214310254106029E-03
136 143   -4.6245113858734213E-03
136 149   -9.2474471090353873E-03
137 124    9.2564960647485463E-03
137 129    4.6109985154818862E-03
137 131    4.6444712420948830E-03
137 137    0.0000000000000000E+00
137 142   -4.6268657383366774E-03
137 144   -4.6296303264118724E-03
137 150   -9.2554697575767710E-03
138 125    9.2849416722305643E-03
138 130    4.6304865821790164E-03
138 132    4.6554521569884579E-03
138 138    0.0000000000000000E+00
138 143   -4.6364697952101311E-03
138 145   -4.6484718770204349E-03
138 151   -9.2859387391674673E-03
139 126    9.3289424517194325E-03
139 131    4.6551675458622113E-03
139 132    4.6666272551965163E-03
139 139   -1.3877787807814457E-17
139 144   -4.6595859246024163E-03
139 145   -4.6693565271170127E-03
139 152   -9.3217948010587311E-03
140 127    9.2817007014916655E-03
140 133    4.6470128165935400E-03
140 135    4.6373499270989035E-03
140 140    1.3877787807814457E-17
140 146   -4.6515090763397035E-03
140 148   -4.6301916251519576E-03
140 153   -9.2843627436924453E-03
141 128    9.2533891370343378E-03
141 134    4.6341992722821503E-03
141 136    4.6214310254106029E-03
141 141    1.3877787807814457E-17
141 147   -4.6330357902183549E-03
141 149   -4.6203533468159828E-03
141 154   -9.2556302976927567E-03
142 129    9.2479537802491671E-03
142 135    4.6212775244914486E-03
142 137    4.6268657383366774E-03
142 142    0.0000000000000000E+00
142 148   -4.6320348343435198E-03
142 150   -4.6159189459056456E-03
142 155   -9.2481432628281311E-03
143 130    9.2613225243051468E-03
143 136    4.6245113858734230E-03
143 138    4.6364697952101311E-03
143 143    0.0000000000000000E+00
143 149   -4.6299485034798499E-03
143 151   -4.6313740208252996E-03
143 156   -9.2609811810835524E-03
144 131    9.2926628258995347E-03
144 137    4.6296303264118689E-03
144 139    4.6595859246024197E-03
144 144    1.3877787807814457E-17
144 150   -4.6390657642347757E-03
144 152   -4.6535970616647625E-03
144 157   -9.2892162510142887E-03
145 132    9.3193639177746885E-03
145 138    4.6484718770204332E-03
145 139    4.6693565271170127E-03
145 145   -1.3877787807814457E-17
145 151   -4.6535349670030167E-03
145 152   -4.6658289507716718E-03
145 158   -9.3178284041374494E-03
146 133    9.3151439644965101E-03
146 140    4.6515090763397035E-03
146 146    0.0000000000000000E+00
146 153   -4.6504606439439211E-03
146 159   -9.3158167686960940E-03
147 134    9.2866118965973798E-03
147 141    4.6330357902183497E-03
147 147   -1.3877787807814457E-17
147 154   -4.6358648817797490E-03
147 160   -9.2855852111009326E-03
148 135    9.2608437320612635E-03
148 140    4.6301916251519568E-03
148 142    4.6320348343435215E-03
148 148    0.0000000000000000E+00
148 153   -4.6342974562769250E-03
148 155   -4.6265462757843386E-03
148 161   -9.2622264594954765E-03
149 136    9.2474471090353873E-03
149 141    4.6203533468159863E-03
149 143    4.6299485034798499E-03
149 149    0.0000000000000000E+00
149 154   -4.6283130978144807E-03
149 156   -4.6191340112209066E-03
149 162   -9.2503018502958327E-03
150 137    9.2554697575767710E-03
150 142    4.6159189459056456E-03
150 144    4.6390657642347739E-03
150 150    0.0000000000000000E+00
150 155   -4.6226548263821870E-03
150 157   -4.6328149311945866E-03
150 163   -9.2549847101404212E-03
151 138    9.2859387391674708E-03
151 143    4.6313740208252987E-03
151 145    4.6535349670030167E-03
151 151   -1.3877787807814457E-17
151 156   -4.6346471992502435E-03
151 158   -4.6512915399172256E-03
151 164   -9.2849089878283171E-03
152 139    9.3217948010587276E-03
152 144    4.6535970616647625E-03
152 145    4.6658289507716701E-03
152 152    0.0000000000000000E+00
152 157   -4.6551675458622113E-03
152 158   -4.6666272551965197E-03
152 165   -9.3194260124364325E-03
153 140    9.2843627436924470E-03
153 146    4.6504606439439176E-03
153 148    4.6342974562769250E-03
153 153   -1.3877787807814457E-17
153 159   -4.6500155388947192E-03
153 161   -4.6343472047977287E-03
153 166   -9.2847581002208461E-03
154 141    9.2556302976927532E-03
154 147    4.6358648817797499E-03
154 149    4.6283130978144772E-03
154 154   -1.3877787807814457E-17
154 160   -4.6297004509545554E-03
154 162   -4.6259298467381995E-03
154 167   -9.2641779795942306E-03
155 142    9.2481432628281277E-03
155 148    4.6265462757843386E-03
155 150    4.6226548263821853E-03
155 155    1.3877787807814457E-17
155 161   -4.6290346002591763E-03
155 163   -4.6191086625689531E-03
155 168   -9.2492011021665238E-03
156 143    9.2609811810835541E-03
156 149    4.6191340112209066E-03
156 151    4.6346471992502469E-03
156 156    1.3877787807814457E-17
156 162   -4.6270739421032103E-03
156 164   -4.6339072389803464E-03
156 169   -9.2537812104711500E-03
157 144    9.2892162510142904E-03
157 150    4.6328149311945857E-03
157 152    4.6551675458622113E-03
157 157   -1.3877787807814457E-17
157 163   -4.6361170363172326E-03
157 165   -4.6530992146970561E-03
157 170   -9.2879824770567970E-03
158 145    9.3178284041374460E-03
158 151    4.6512915399172256E-03
158 152    4.6666272551965197E-03
158 158    1.3877787807814457E-17
158 164   -4.6517272409485333E-03
158 165   -4.6661011631889127E-03
158 171   -9.3179187951137436E-03
159 146    9.3158167686960922E-03
159 153    4.6500155388947140E-03
159 159    1.3877787807814457E-17
159 166   -4.6520609419820440E-03
159 172   -9.3149182813566100E-03
160 147    9.2855852111009309E-03
160 154    4.6297004509545520E-03
160 160    0.0000000000000000E+00
160 167   -4.6392922507501278E-03
160 173   -9.2818855680375529E-03
161 148    9.2622264594954783E-03
161 153    4.6343472047977279E-03
161 155    4.6290346002591763E-03
161 161   -1.3877787807814457E-17
161 166   -4.6307323446602919E-03
161 168   -4.6314941148351847E-03
161 174   -9.2633818050569042E-03
162 149    9.2503018502958310E-03
162 154    4.6259298467382012E-03
162 156    4.6270739421032034E-03
162 162    1.3877787807814457E-17
162 167   -4.6266247534849023E-03
162 169   -4.6236770968109313E-03
162 175   -9.2530037888414081E-03
163 150    9.2549847101404230E-03
163 155    4.6191086625689513E-03
163 157    4.6361170363172291E-03
163 163    0.0000000000000000E+00
163 168   -4.6207019874050931E-03
163 170   -4.6342827227353299E-03
163 176   -9.2552256988861839E-03
164 151    9.2849089878283171E-03
164 156    4.6339072389803421E-03
164 158    4.6517272409485333E-03
164 164    0.0000000000000000E+00
164 169   -4.6257650276847872E-03
164 171   -4.6591439601435282E-03
164 177   -9.2856344799288788E-03
165 152    9.3194260124364325E-03
165 157    4.6530992146970561E-03
165 158    4.6661011631889161E-03
165 165    0.0000000000000000E+00
165 170   -4.6535970616647590E-03
165 171   -4.6658289507716718E-03
165 178   -9.3192003778859722E-03
166 153    9.2847581002208461E-03
166 159    4.6520609419820440E-03
166 161    4.6307323446602919E-03
166 166   -2.7755575615628914E-17
166 172   -4.6469263708348377E-03
166 174   -4.6378317293860058E-03
166 179   -9.2827932866423359E-03
167 154    9.2641779795942306E-03
167 160    4.6392922507501252E-03
167 162    4.6266247534849057E-03
167 167    0.0000000000000000E+00
167 173   -4.6193526072206333E-03
167 175   -4.6448253723735929E-03
167 180   -9.2659170042350310E-03
168 155    9.2492011021665238E-03
168 161    4.6314941148351847E-03
168 163    4.6207019874050931E-03
168 168    0.0000000000000000E+00
168 174   -4.6259485765107120E-03
168 176   -4.6232525256558092E-03
168 181   -9.2521961022402777E-03
169 156    9.2537812104711518E-03
169 162    4.6236770968109322E-03
169 164    4.6257650276847855E-03
169 169    0.0000000000000000E+00
169 175   -4.6010308325028729E-03
169 177   -4.6527503779682762E-03
169 182   -9.2494421244957176E-03
170 157    9.2879824770567970E-03
170 163    4.6342827227353264E-03
170 165    4.6535970616647659E-03
170 170   -2.7755575615628914E-17
170 176   -4.6348772515835066E-03
170 178   -4.6531052254732939E-03
170 183   -9.2878797844000889E-03
171 158    9.3179187951137471E-03
171 164    4.6591439601435265E-03
171 165    4.6658289507716701E-03
171 171    1.3877787807814457E-17
171 177   -4.6439022460589736E-03
171 178   -4.6740165490547700E-03
171 184   -9.3249729109152000E-03
172 159    9.3149182813566066E-03
172 166    4.6469263708348377E-03
172 172    0.0000000000000000E+00
172 179   -4.6530545626660025E-03
172 185   -9.3116096913874249E-03
173 160    9.2818855680375529E-03
173 167    4.6193526072206351E-03
173 173   -1.3877787807814457E-17
173 180   -4.6483652891170946E-03
173 186   -9.2700996220382650E-03
174 161    9.2633818050569076E-03
174 166    4.6378317293860084E-03
174 168    4.6259485765107154E-03
174 174    0.0000000000000000E+00
174 179   -4.6210388380914860E-03
174 181   -4.6423429669654190E-03
174 187   -9.2637803058967187E-03
175 162    9.2530037888414064E-03
175 167    4.6448253723735938E-03
175 169    4.6010308325028747E-03
175 175    0.0000000000000000E+00
175 180   -4.6296191850998779E-03
175 182   -4.6233846037415276E-03
175 188   -9.2458562048764667E-03
176 163    9.2552256988861822E-03
176 168    4.6232525256558084E-03
176 170    4.6348772515835031E-03
176 176    1.3877787807814457E-17
176 181   -4.6135135398710260E-03
176 183   -4.6417121590151553E-03
176 189   -9.2581297772393132E-03
177 164    9.2856344799288806E-03
177 169    4.6527503779682788E-03
177 171    4.6439022460589771E-03
177 177   -1.3877787807814457E-17
177 182   -4.5962087052448600E-03
177 184   -4.6894257746840189E-03
177 190   -9.2966526240272525E-03
178 165    9.3192003778859740E-03
178 170    4.6531052254732939E-03
178 171    4.6740165490547700E-03
178 178    1.3877787807814457E-17
178 183   -4.6530992146970561E-03
178 184   -4.6661011631889144E-03
178 191   -9.3271217745280639E-03
179 166    9.2827932866423359E-03
179 172    4.6530545626660043E-03
179 174    4.6210388380914860E-03
179 179    0.0000000000000000E+00
179 185   -4.6383474266954109E-03
179 187   -4.6444458599469232E-03
179 192   -9.2740934007574868E-03
180 167    9.2659170042350310E-03
180 173    4.6483652891170964E-03
180 175    4.6296191850998814E-03
180 180    0.0000000000000000E+00
180 186   -4.5767936637241824E-03
180 188   -4.6891233405108503E-03
180 193   -9.2779844742169743E-03
181 168    9.2521961022402777E-03
181 174    4.6423429669654216E-03
181 176    4.6135135398710295E-03
181 181    0.0000000000000000E+00
181 187   -4.5965765747143089E-03
181 189   -4.6556195275259697E-03
181 194   -9.2558565068364494E-03
182 169    9.2494421244957159E-03
182 175    4.6233846037415302E-03
182 177    4.5962087052448565E-03
182 182    1.3877787807814457E-17
182 188   -4.5629473919124412E-03
182 190   -4.6864947325832747E-03
182 195   -9.2195933089863867E-03
183 170    9.2878797844000924E-03
183 176    4.6417121590151562E-03
183 178    4.6530992146970596E-03
183 183    0.0000000000000000E+00
183 189   -4.6277569944212921E-03
183 191   -4.6601227899787951E-03
183 196   -9.2948113737122140E-03
184 171    9.3249729109152017E-03
184 177    4.6894257746840189E-03
184 178    4.6661011631889127E-03
184 184   -2.7755575615628914E-17
184 190   -4.6302417054306967E-03
184 191   -4.6947312054845033E-03
184 197   -9.3555269378729315E-03
185 172    9.3116096913874249E-03
185 179    4.6383474266954144E-03
185 185    1.3877787807814457E-17
185 192   -4.6509942825346141E-03
185 198   -9.3021032534094591E-03
186 173    9.2700996220382650E-03
186 180    4.5767936637241789E-03
186 186    1.3877787807814457E-17
186 193   -4.6582635639593716E-03
186 199   -9.2230866240749863E-03
187 174    9.2637803058967204E-03
187 179    4.6444458599469250E-03
187 181    4.5965765747143089E-03
187 187   -1.3877787807814457E-17
187 192   -4.6101227942551507E-03
187 194   -4.6536575116415697E-03
187 200   -9.2410224346612321E-03
188 175    9.2458562048764650E-03
188 180    4.6891233405108469E-03
188 182    4.5629473919124412E-03
188 188    0.0000000000000000E+00
188 193   -4.5366384745902065E-03
188 195   -4.7092177302862602E-03
188 201   -9.2520707324232933E-03
189 176    9.2581297772393149E-03
189 181    4.6556195275259688E-03
189 183    4.6277569944212921E-03
189 189    0.0000000000000000E+00
189 194   -4.5819424947943707E-03
189 196   -4.6761872824449425E-03
189 202   -9.2833765219472626E-03
190 177    9.2966526240272525E-03
190 182    4.6864947325832747E-03
190 184    4.6302417054306932E-03
190 190    0.0000000000000000E+00
190 195   -4.5192459490727283E-03
190 197   -4.7774066749545242E-03
190 203   -9.3167364380139714E-03
191 178    9.3271217745280639E-03
191 183    4.6601227899787968E-03
191 184    4.6947312054845033E-03
191 191    1.3877787807814457E-17
191 196   -4.6531052254732939E-03
191 197   -4.6740165490547700E-03
191 204   -9.3548539954633018E-03
192 179    9.2740934007574886E-03
192 185    4.6509942825346123E-03
192 187    4.6101227942551490E-03
192 192    0.0000000000000000E+00
192 198   -4.6290989712428655E-03
192 200   -4.6449944295146204E-03
192 206   -9.2611170767897648E-03
193 180    9.2779844742169743E-03
193 186    4.6582635639593681E-03
193 188    4.5366384745902065E-03
193 193   -1.3877787807814457E-17
193 199   -4.4573371562740445E-03
193 201   -4.8206473179429306E-03
193 205   -9.1949020385495780E-03
194 181    9.2558565068364511E-03
194 187    4.6536575116415697E-03
194 189    4.5819424947943707E-03
194 194   -2.7755575615628914E-17
194 200   -4.5201425720509305E-03
194 202   -4.7357139347855180E-03
194 207   -9.2356000064359386E-03
195 182    9.2195933089863902E-03
195 188    4.7092177302862602E-03
195 190    4.5192459490727283E-03
195 195   -1.3877787807814457E-17
195 201   -3.8646365027528266E-03
195 203   -5.3549568062335583E-03
195 208   -9.2284636793589867E-03
196 183    9.2948113737122105E-03
196 189    4.6761872824449442E-03
196 191    4.6531052254732939E-03
196 196   -1.3877787807814457E-17
196 202   -4.6158624528152559E-03
196 204   -4.6789489208969547E-03
196 209   -9.3292925079182347E-03
197 184    9.3555269378729333E-03
197 190    4.7774066749545242E-03
197 191    4.6740165490547700E-03
197 197    1.3877787807814457E-17
197 203   -4.6664865156702869E-03
197 204   -4.6890404222026446E-03
197 210   -9.4514232240092925E-03
198 185    9.3021032534094626E-03
198 192    4.6290989712428673E-03
198 198    1.3877787807814457E-17
198 206   -4.6283548446288229E-03
198 212   -9.2909626899334713E-03
199 186    9.2230866240749845E-03
199 193    4.4573371562740428E-03
199 199   -1.3877787807814457E-17
199 205   -4.5753001839840823E-03
199 211   -9.0908574351945028E-03
200 187    9.2410224346612321E-03
200 192    4.6449944295146213E-03
200 194    4.5201425720509322E-03
200 200    1.3877787807814457E-17
200 206   -4.5339812995896615E-03
200 207   -4.7070411350715723E-03
200 214   -9.1651370015655535E-03
201 188    9.2520707324232898E-03
201 193    4.8206473179429332E-03
201 195    3.8646365027528266E-03
201 201    1.3877787807814457E-17
201 205   -3.6686648376085228E-03
201 208   -5.5834058948147696E-03
201 213   -8.6852838206957599E-03
202 189    9.2833765219472626E-03
202 194    4.7357139347855189E-03
202 196    4.6158624528152559E-03
202 202    0.0000000000000000E+00
202 207   -4.5654184675207703E-03
202 209   -4.7179580544264924E-03
202 215   -9.3515763876007765E-03
203 190    9.3167364380139731E-03
203 195    5.3549568062335601E-03
203 197    4.6664865156702887E-03
203 203    1.3877787807814457E-17
203 208   -4.6333867990931872E-03
203 210   -4.6833496389207842E-03
203 216   -1.0021443321903849E-02
204 191    9.3548539954633001E-03
204 196    4.6789489208969547E-03
204 197    4.6890404222026446E-03
204 204    0.0000000000000000E+00
204 209   -4.6601227899787968E-03
204 210   -4.6947312054845050E-03
204 217   -9.3679893430995975E-03
205 193    9.1949020385495798E-03
205 199    4.5753001839840806E-03
205 201    3.6686648376085193E-03
205 205   -1.3877787807814457E-17
205 211   -4.7328176139898263E-03
205 213   -4.4620844245597500E-03
205 218   -8.2439650215926016E-03
206 192    9.2611170767897648E-03
206 198    4.6283548446288229E-03
206 200    4.5339812995896615E-03
206 206    0.0000000000000000E+00
206 212   -4.6786507464717762E-03
206 214   -4.5824663303179903E-03
206 219   -9.1623361442184845E-03
207 194    9.2356000064359369E-03
207 200    4.7070411350715723E-03
207 202    4.5654184675207703E-03
207 207    0.0000000000000000E+00
207 214   -4.0882973342064970E-03
207 215   -5.1473026722294434E-03
207 220   -9.2724596025923443E-03
208 195    9.2284636793589867E-03
208 201    5.5834058948147722E-03
208 203    4.6333867990931872E-03
208 208    0.0000000000000000E+00
208 213   -4.7711254096243980E-04
208 216   -4.2034564687357364E-03
208 221   -5.9399938455682172E-03
208 222   -8.8246935180005502E-03
209 196    9.3292925079182347E-03
209 202    4.7179580544264924E-03
209 204    4.6601227899787934E-03
209 209    0.0000000000000000E+00
209 215   -4.6253947526708888E-03
209 217   -4.7038977552473459E-03
209 223   -9.3780808444052875E-03
210 197    9.4514232240092925E-03
210 203    4.6833496389207876E-03
210 204    4.6947312054845015E-03
210 210   -1.3877787807814457E-17
210 216   -4.7175879522107743E-03
210 217   -4.7338352717985165E-03
210 224   -9.3780808444052892E-03
211 199    9.0908574351945028E-03
211 205    4.7328176139898245E-03
211 211    1.3877787807814457E-17
211 218   -4.3183988918941846E-03
211 225   -9.3446536720687250E-03
212 198    9.2909626899334696E-03
212 206    4.6786507464717745E-03
212 212    0.0000000000000000E+00
212 219   -4.5621137338685332E-03
212 227   -9.3392661553245871E-03
213 201    8.6852838206957599E-03
213 205    4.4620844245597500E-03
213 208    4.7711254096244327E-04
213 213    0.0000000000000000E+00
213 218   -5.1929932023964138E-03
213 221   -8.4314875838215377E-03
214 200    9.1651370015655535E-03
214 206    4.5824663303179886E-03
214 207    4.0882973342065004E-03
214 214   -1.3877787807814457E-17
214 219   -4.2072696077486531E-03
214 220   -4.9578673938168970E-03
214 226   -8.6707636645244873E-03
215 202    9.3515763876007782E-03
215 207    5.1473026722294452E-03
215 209    4.6253947526708888E-03
215 215    0.0000000000000000E+00
215 220   -4.0235927547227317E-03
215 223   -5.3279836328780448E-03
215 228   -9.7726974249003323E-03
216 203    1.0021443321903849E-02
216 208    4.2034564687357355E-03
216 210    4.7175879522107708E-03
216 216    1.3877787807814457E-17
216 222   -4.7455751981290116E-03
216 224   -5.2758681237748337E-03
216 231   -8.9210444209465098E-03
217 204    9.3679893430995993E-03
217 209    4.7038977552473459E-03
217 210    4.7338352717985199E-03
217 217    0.0000000000000000E+00
217 223   -4.6789489208969547E-03
217 224   -4.6890404222026429E-03
217 230   -9.4377330270458658E-03
218 205    8.2439650215926016E-03
218 211    4.3183988918941846E-03
218 213    5.1929932023964120E-03
218 218    0.0000000000000000E+00
218 221   -2.7680128658392339E-03
218 225   -5.4759521557533712E-03
218 229   -9.5113920942905966E-03
219 206    9.1623361442184810E-03
219 212    4.5621137338685332E-03
219 214    4.2072696077486565E-03
219 219    1.3877787807814457E-17
219 226   -3.8717861267021005E-03
219 227   -5.2905500175163857E-03
219 232   -8.7693833416171880E-03
220 207    9.2724596025923443E-03
220 214    4.9578673938168970E-03
220 215    4.0235927547227317E-03
220 220    0.0000000000000000E+00
220 226   -2.2878374780258524E-03
220 228   -6.9846221245664919E-03
220 233   -8.9814601485396287E-03
221 208    5.9399938455682172E-03
221 213    8.4314875838215377E-03
221 218    2.7680128658392322E-03
221 221    0.0000000000000000E+00
221 222   -1.4280341483973967E-03
221 229   -7.0034534354241401E-03
221 234   -8.7080067114074511E-03
222 208    8.8246935180005467E-03
222 216    4.7455751981290151E-03
222 221    1.4280341483973967E-03
222 222    0.0000000000000000E+00
222 231   -6.7604370480986026E-03
222 234   -8.2378658164283594E-03
223 209    9.3780808444052892E-03
223 215    5.3279836328780431E-03
223 217    4.6789489208969564E-03
223 223    1.3877787807814457E-17
223 228   -5.2287481333041412E-03
223 230   -4.1493327111011471E-03
223 235   -1.0006932553774998E-02
224 210    9.3780808444052892E-03
224 216    5.2758681237748337E-03
224 217    4.6890404222026463E-03
224 224    0.0000000000000000E+00
224 230   -4.3709818182057179E-03
224 231   -5.0070990261995713E-03
224 238   -9.9649085459774800E-03
225 211    9.3446536720687215E-03
225 218    5.4759521557533677E-03
225 225    0.0000000000000000E+00
225 229   -4.9356221575311832E-03
225 236   -1.0123738595844273E-02
226 214    8.6707636645244855E-03
226 219    3.8717861267020953E-03
226 220    2.2878374780258490E-03
226 226   -1.3877787807814457E-17
226 232   -6.7846558757003878E-03
226 233   -8.0457313935520490E-03
227 212    9.3392661553245888E-03
227 219    5.2905500175163857E-03
227 227    1.3877787807814457E-17
227 232   -4.9661803020181706E-03
227 237   -9.9642984262970254E-03
228 215    9.7726974249003340E-03
228 220    6.9846221245664902E-03
228 223    5.2287481333041386E-03
228 228    0.0000000000000000E+00
228 233   -1.1522216689061546E-03
228 235   -3.1578533453392559E-03
228 239   -8.5009518683851759E-03
228 244   -9.1750408001403782E-03
229 218    9.5113920942905949E-03
229 221    7.0034534354241375E-03
229 225    4.9356221575311849E-03
229 229    0.0000000000000000E+00
229 234   -8.5807215247384917E-04
229 236   -3.2282981937327357E-03
229 242   -8.3473503704598086E-03
229 245   -9.0167469705795290E-03
230 217    9.4377330270458675E-03
230 223    4.1493327111011436E-03
230 224    4.3709818182057162E-03
230 230    0.0000000000000000E+00
230 235   -4.7038977552473459E-03
230 238   -4.7338352717985182E-03
230 241   -8.5203145293068633E-03
231 216    8.9210444209465098E-03
231 222    6.7604370480985991E-03
231 224    5.0070990261995730E-03
231 231   -1.3877787807814457E-17
231 234   -2.8293027057764777E-04
231 238   -3.2669214652345339E-03
231 243   -8.1377611554708379E-03
231 247   -9.0009676039616640E-03
232 219    8.7693833416171880E-03
232 226    6.7846558757003878E-03
232 227    4.9661803020181750E-03
232 232    0.0000000000000000E+00
232 233    3.7861452316519453E-05
232 237   -3.2719077809681123E-03
232 240   -8.1231652939919227E-03
232 246   -9.1630078966922299E-03
233 220    8.9814601485396287E-03
233 226    8.0457313935520490E-03
233 228    1.1522216689061528E-03
233 232   -3.7861452316519453E-05
233 233   -1.3877787807814457E-17
233 239   -8.9435986962231092E-03
233 240   -9.1979530624582036E-03
234 221    8.7080067114074511E-03
234 222    8.2378658164283594E-03
234 229    8.5807215247384917E-04
234 231    2.8293027057764604E-04
234 234    1.3877787807814457E-17
234 242   -8.9909369819850954E-03
234 243   -9.0959379689022051E-03
235 223    1.0006932553774998E-02
235 228    3.1578533453392559E-03
235 230    4.7038977552473459E-03
235 235    1.3877787807814457E-17
235 241   -3.4465553274035665E-03
235 244   -6.5603772263714329E-03
235 248   -7.8617511005866034E-03
236 225    1.0123738595844273E-02
236 229    3.2282981937327357E-03
236 236    0.0000000000000000E+00
236 245   -6.5665033847966247E-03
236 249   -8.0007567370330521E-03
237 227    9.9642984262970254E-03
237 232    3.2719077809681141E-03
237 237    0.0000000000000000E+00
237 246   -6.4070632152493784E-03
237 250   -8.0007567370330504E-03
238 224    9.9649085459774800E-03
238 230    4.7338352717985182E-03
238 231    3.2669214652345322E-03
238 238   -1.3877787807814457E-17
238 241   -3.5572352110476418E-03
238 247   -6.4076733349298347E-03
238 251   -8.0007567370330504E-03
239 228    8.5009518683851742E-03
239 233    8.9435986962231109E-03
239 239    0.0000000000000000E+00
239 240   -1.1939046897340398E-04
239 244   -8.2194244622392151E-04
239 252   -8.1216562499991860E-03
239 254   -8.3815613994117737E-03
240 232    8.1231652939919262E-03
240 233    9.1979530624582070E-03
240 239    1.1939046897340225E-04
240 240    1.3877787807814457E-17
240 246   -8.6457657370189039E-04
240 252   -8.3333764887563132E-03
240 258   -8.2425557629653250E-03
241 230    8.5203145293068633E-03
241 235    3.4465553274035630E-03
241 238    3.5572352110476418E-03
241 241    2.7755575615628914E-17
241 248   -4.1493327111011453E-03
241 251   -4.3709818182057179E-03
241 255   -7.0037905384512083E-03
242 229    8.3473503704598120E-03
242 234    8.9909369819850989E-03
242 242    1.3877787807814457E-17
242 243   -1.0479460749448534E-04
242 245   -7.0513640415464582E-04
242 253   -8.2858005778304496E-03
242 256   -8.2425557629653250E-03
243 231    8.1377611554708396E-03
243 234    9.0959379689022068E-03
243 242    1.0479460749448707E-04
243 243   -1.3877787807814457E-17
243 247   -8.6396645402144444E-04
243 253   -8.2319715148807659E-03
243 257   -8.2425557629653232E-03
244 228    9.1750408001403799E-03
244 235    6.5603772263714364E-03
244 239    8.2194244622391804E-04
244 244    0.0000000000000000E+00
244 248   -1.2651047888983143E-03
244 254   -7.9099360112420622E-03
244 259   -7.3823196725953536E-03
245 229    9.0167469705795290E-03
245 236    6.5665033847966247E-03
245 242    7.0513640415464929E-04
245 245   -1.3877787807814457E-17
245 249   -1.0054059854619230E-03
245 256   -8.0113409851176043E-03
245 262   -7.2716397889512731E-03
246 232    9.1630078966922317E-03
246 237    6.4070632152493784E-03
246 240    8.6457657370189039E-04
246 246    0.0000000000000000E+00
246 250   -1.0413516466930423E-03
246 258   -8.1216562499991860E-03
246 260   -7.2716397889512714E-03
247 231    9.0009676039616675E-03
247 238    6.4076733349298365E-03
247 243    8.6396645402144270E-04
247 247   -1.3877787807814457E-17
247 251   -1.0434556817937451E-03
247 257   -7.9575119221679189E-03
247 261   -7.2716397889512783E-03
248 235    7.8617511005866034E-03
248 241    4.1493327111011453E-03
248 244    1.2651047888983143E-03
248 248    1.3877787807814457E-17
248 255   -5.4144374999994596E-03
248 259   -7.8617511005866017E-03
249 236    8.0007567370330539E-03
249 245    1.0054059854619213E-03
249 249    0.0000000000000000E+00
249 262   -8.0007567370330539E-03
250 237    8.0007567370330504E-03
250 246    1.0413516466930423E-03
250 250    1.3877787807814457E-17
250 260   -8.0007567370330504E-03
251 238    8.0007567370330504E-03
251 241    4.3709818182057145E-03
251 247    1.0434556817937451E-03
251 251   -2.7755575615628914E-17
251 255   -5.4144374999994596E-03
251 261   -8.0007567370330504E-03
252 239    8.1216562499991894E-03
252 240    8.3333764887563097E-03
252 252   -1.0828874999998926E-02
252 254   -2.9189389887568527E-03
252 258   -2.7072187499997307E-03
253 242    8.2858005778304478E-03
253 243    8.2319715148807641E-03
253 253   -1.0828874999998912E-02
253 256   -2.8175340148813089E-03
253 257   -2.8713630778309952E-03
254 239    8.3815613994117702E-03
254 244    7.9099360112420622E-03
254 252   -2.4954985112426052E-03
254 254   -1.0828874999998912E-02
254 259   -2.9671238994123158E-03
255 241    7.0037905384512092E-03
255 248    5.4144374999994596E-03
255 251    5.4144374999994631E-03
255 255   -1.0828874999998926E-02
255 259   -3.4465553274035652E-03
255 261   -3.5572352110476426E-03
256 242    8.2425557629653250E-03
256 245    8.0113409851176043E-03
256 253   -2.5969034851181455E-03
256 256   -1.0828874999998919E-02
256 262   -2.8281182629658693E-03
257 243    8.2425557629653250E-03
257 247    7.9575119221679223E-03
257 253   -2.5430744221684601E-03
257 257   -1.0828874999998919E-02
257 261   -2.8281182629658693E-03
258 240    8.2425557629653250E-03
258 246    8.1216562499991860E-03
258 252   -2.7072187499997289E-03
258 258   -1.0828874999998919E-02
258 260   -2.8281182629658662E-03
259 244    7.3823196725953527E-03
259 248    7.8617511005866017E-03
259 254   -2.4473136005871417E-03
259 255   -1.9678821725958957E-03
259 259   -1.0828874999998919E-02
260 246    7.2716397889512688E-03
260 250    8.0007567370330504E-03
260 258   -2.5863192370335921E-03
260 260   -1.0828874999998926E-02
261 247    7.2716397889512757E-03
261 251    8.0007567370330539E-03
261 255   -1.8572022889518183E-03
261 257   -2.5863192370335912E-03
261 261   -1.0828874999998933E-02
262 245    7.2716397889512740E-03
262 249    8.0007567370330539E-03
262 256   -2.5863192370335912E-03
262 262   -1.0828874999998919E-02
