%%MatrixMarket matrix coordinate real general
262 262 1704
1 1   -8.9881615686289690E-02
1 5    1.5477236988525524E-02
1 13    2.1984466068198764E-02
1 16    1.6077965261851113E-02
2 2   -8.9829373515495373E-02
2 6    1.5198417178321037E-02
2 13    2.1595391228533579E-02
2 14    1.6693617740926456E-02
3 3   -8.9680264013309335E-02
3 7    1.5804321817176493E-02
3 15    1.6412555603040946E-02
4 4   -8.9874747558183449E-02
4 8    1.6146034338139079E-02
4 17    1.5434816926058789E-02
5 1    1.5477236988525524E-02
5 5   -8.5706908735193904E-02
5 10    1.5686463416615372E-02
5 16    1.4803688974419197E-02
5 19    1.1168430566983046E-02
6 2    1.5198417178321037E-02
6 6   -8.5644373879213809E-02
6 9    1.5169290763735218E-02
6 14    1.4669197123009233E-02
6 18    1.1802195705388228E-02
7 3    1.5804321817176493E-02
7 7   -8.5618678327979772E-02
7 11    1.5298845550183994E-02
7 15    1.4659630102762323E-02
7 20    1.2131923664409912E-02
8 4    1.6146034338139079E-02
8 8   -8.5537653302358574E-02
8 12    1.5993564555328965E-02
8 17    1.4792548707557522E-02
8 23    1.2346245490996194E-02
9 6    1.5169290763735218E-02
9 9   -8.4762050106322859E-02
9 12    1.3605510939783742E-02
9 18    1.1257982732073134E-02
9 22    1.6302968713669527E-02
10 5    1.5686463416615372E-02
10 10   -8.4634529090944544E-02
10 11    1.3160082662290349E-02
10 19    1.2447366714238343E-02
10 21    1.5291073896260981E-02
11 7    1.5298845550183994E-02
11 10    1.3160082662290349E-02
11 11   -8.4713303572335322E-02
11 20    1.1245005320867699E-02
11 21    1.6697218997409783E-02
12 8    1.5993564555328965E-02
12 9    1.3605510939783742E-02
12 12   -8.4672682176797409E-02
12 22    1.6142239829155192E-02
12 23    1.1539724370796266E-02
13 1    2.1984466068198764E-02
13 2    2.1595391228533579E-02
13 13   -8.7927594003550824E-02
13 14    1.2517687370988934E-02
13 16    1.2089877268347978E-02
13 24    1.2332359749631039E-02
14 2    1.6693617740926456E-02
14 6    1.4669197123009233E-02
14 13    1.2517687370988934E-02
14 14   -8.5529739522199152E-02
14 18    1.2665246638128656E-02
14 24    1.3966698752087078E-02
14 26    1.5017291897058790E-02
15 3    1.6412555603040946E-02
15 7    1.4659630102762323E-02
15 15   -8.5688775965979125E-02
15 20    1.1834632066438640E-02
15 25    1.4717434292824634E-02
16 1    1.6077965261851113E-02
16 5    1.4803688974419197E-02
16 13    1.2089877268347978E-02
16 16   -8.5519806342649232E-02
16 19    1.2435628998416312E-02
16 24    1.4293117030006953E-02
16 27    1.5819528809607675E-02
17 4    1.5434816926058789E-02
17 8    1.4792548707557522E-02
17 17   -8.5676557751582352E-02
17 23    1.1212701829589927E-02
17 28    1.5767893268435151E-02
18 6    1.1802195705388228E-02
18 9    1.1257982732073134E-02
18 14    1.2665246638128656E-02
18 18   -8.2705798319004389E-02
18 22    9.6099844192023935E-03
18 26    1.1914627759189160E-02
18 30    1.6357142981214358E-02
18 34    9.0986180838084716E-03
19 5    1.1168430566983046E-02
19 10    1.2447366714238343E-02
19 16    1.2435628998416312E-02
19 19   -8.1996771841011035E-02
19 21    1.1933433664222929E-02
19 27    1.2033057165130798E-02
19 31    1.0523990056732747E-02
19 36    1.1454864675286874E-02
20 7    1.2131923664409912E-02
20 11    1.1245005320867699E-02
20 15    1.1834632066438640E-02
20 20   -8.2792123458502481E-02
20 21    9.7838610175673309E-03
20 25    1.1365936112004506E-02
20 29    1.6712394166591371E-02
20 33    9.7183711106230367E-03
21 10    1.5291073896260981E-02
21 11    1.6697218997409783E-02
21 19    1.1933433664222929E-02
21 20    9.7838610175673309E-03
21 21   -8.6044069638184201E-02
21 29    1.8015522193604298E-02
21 31    1.4322959869118863E-02
22 9    1.6302968713669527E-02
22 12    1.6142239829155192E-02
22 18    9.6099844192023935E-03
22 22   -8.5835346849779184E-02
22 23    1.2045141003199977E-02
22 30    1.7561240524488674E-02
22 32    1.4173772360063416E-02
23 8    1.2346245490996194E-02
23 12    1.1539724370796266E-02
23 17    1.1212701829589927E-02
23 22    1.2045141003199977E-02
23 23   -8.1956213347582171E-02
23 28    1.1633083271428354E-02
23 32    1.1250440979685635E-02
23 35    1.1928876401885819E-02
24 13    1.2332359749631039E-02
24 14    1.3966698752087078E-02
24 16    1.4293117030006953E-02
24 24   -8.4277315833637789E-02
24 26    1.4887197525506981E-02
24 27    1.4270228539464250E-02
24 37    1.4527714236941488E-02
25 15    1.4717434292824634E-02
25 20    1.1365936112004506E-02
25 25   -8.4793245260899180E-02
25 33    1.7407000366008611E-02
25 40    1.3128947261901315E-02
26 14    1.5017291897058790E-02
26 18    1.1914627759189160E-02
26 24    1.4887197525506981E-02
26 26   -8.4644366527505691E-02
26 34    1.6583120167774267E-02
26 37    1.3282104383296304E-02
26 41    1.2960024794680190E-02
27 16    1.5819528809607675E-02
27 19    1.2033057165130798E-02
27 24    1.4270228539464250E-02
27 27   -8.4625236498652501E-02
27 36    1.5656428198481620E-02
27 37    1.3365170441903385E-02
27 43    1.3480823344064776E-02
28 17    1.5767893268435151E-02
28 23    1.1633083271428354E-02
28 28   -8.4777172369322001E-02
28 35    1.6596282994184954E-02
28 42    1.3458577334320005E-02
29 20    1.6712394166591371E-02
29 21    1.8015522193604298E-02
29 29   -8.8626185116051664E-02
29 31    1.8893842672053338E-02
29 33    1.8011726824581450E-02
29 38    1.6992699259221197E-02
30 18    1.6357142981214358E-02
30 22    1.7561240524488674E-02
30 30   -8.9016162238428551E-02
30 32    1.9965295646555317E-02
30 34    2.0693493088977541E-02
30 39    1.4438989997192665E-02
31 19    1.0523990056732747E-02
31 21    1.4322959869118863E-02
31 29    1.8893842672053338E-02
31 31   -8.6439410214631626E-02
31 36    1.8850040292452106E-02
31 38    9.8357928750244204E-03
31 45    1.4012784449250151E-02
32 22    1.4173772360063416E-02
32 23    1.1250440979685635E-02
32 30    1.9965295646555317E-02
32 32   -8.7166929017001724E-02
32 35    1.4900091579017300E-02
32 39    7.9390769305904066E-03
32 44    1.8938251521089640E-02
33 20    9.7183711106230367E-03
33 25    1.7407000366008611E-02
33 29    1.8011726824581450E-02
33 33   -8.5540204429641498E-02
33 38    1.3983978335475666E-02
33 40    1.3628638942772386E-02
33 46    1.2790488850180338E-02
34 18    9.0986180838084716E-03
34 26    1.6583120167774267E-02
34 30    2.0693493088977541E-02
34 34   -8.6188272045860839E-02
34 39    9.5477229886848439E-03
34 41    1.5035880876459363E-02
34 49    1.5229436840156350E-02
35 23    1.1928876401885819E-02
35 28    1.6596282994184954E-02
35 32    1.4900091579017300E-02
35 35   -8.5593806976146880E-02
35 42    1.3771419747239718E-02
35 44    1.7129221075733531E-02
35 47    1.1267915178085550E-02
36 19    1.1454864675286874E-02
36 27    1.5656428198481620E-02
36 31    1.8850040292452106E-02
36 36   -8.5173226226794393E-02
36 43    1.5142052284483509E-02
36 45    1.1080383253157505E-02
36 50    1.2989457522932783E-02
37 24    1.4527714236941488E-02
37 26    1.3282104383296304E-02
37 27    1.3365170441903385E-02
37 37   -8.4234191278764095E-02
37 41    1.4648609756676874E-02
37 43    1.4199039301623015E-02
37 48    1.4211553158323027E-02
38 29    1.6992699259221197E-02
38 31    9.8357928750244204E-03
38 33    1.3983978335475666E-02
38 38   -8.5230849030624001E-02
38 45    1.7996803559285783E-02
38 46    1.3541240248627476E-02
38 52    1.2880334752989466E-02
39 30    1.4438989997192665E-02
39 32    7.9390769305904066E-03
39 34    9.5477229886848439E-03
39 39   -8.3312495539094422E-02
39 44    1.7275898134240939E-02
39 49    1.3864213151734389E-02
39 51    8.6304008119583581E-03
39 57    1.1616193524692803E-02
40 25    1.3128947261901315E-02
40 33    1.3628638942772386E-02
40 40   -8.4260808319337535E-02
40 46    1.5417218003337951E-02
40 53    1.3266225672476824E-02
41 26    1.2960024794680190E-02
41 34    1.5035880876459363E-02
41 37    1.4648609756676874E-02
41 41   -8.4245371231339780E-02
41 48    1.4029611541307876E-02
41 49    1.3237846352571961E-02
41 55    1.4333397909643521E-02
42 28    1.3458577334320005E-02
42 35    1.3771419747239718E-02
42 42   -8.4251345242846165E-02
42 47    1.5170717703899717E-02
42 54    1.3169115434010165E-02
43 27    1.3480823344064776E-02
43 36    1.5142052284483509E-02
43 37    1.4199039301623015E-02
43 43   -8.4234893844448960E-02
43 48    1.4173131242774121E-02
43 50    1.3375075236229864E-02
43 56    1.3864772435273672E-02
44 32    1.8938251521089640E-02
44 35    1.7129221075733531E-02
44 39    1.7275898134240939E-02
44 44   -8.8509564829519036E-02
44 47    1.7175503678476721E-02
44 51    1.7990690419978209E-02
45 31    1.4012784449250151E-02
45 36    1.1080383253157505E-02
45 38    1.7996803559285783E-02
45 45   -8.5100011422214364E-02
45 50    1.7206343536608257E-02
45 52    1.0336503578231260E-02
45 58    1.4467193045681403E-02
46 33    1.2790488850180338E-02
46 38    1.3541240248627476E-02
46 40    1.5417218003337951E-02
46 46   -8.4371530781909218E-02
46 52    1.6014229634678114E-02
46 53    1.4045205576102240E-02
46 60    1.2563148468983105E-02
47 35    1.1267915178085550E-02
47 42    1.5170717703899717E-02
47 44    1.7175503678476721E-02
47 47   -8.4915099651779347E-02
47 51    1.3562144209290149E-02
47 54    1.4648398019901209E-02
47 59    1.3090420862125994E-02
48 37    1.4211553158323027E-02
48 41    1.4029611541307876E-02
48 43    1.4173131242774121E-02
48 48   -8.4181631055819148E-02
48 55    1.4029611541307909E-02
48 56    1.3808469183138029E-02
48 61    1.3929254388968196E-02
49 34    1.5229436840156350E-02
49 39    1.3864213151734389E-02
49 41    1.3237846352571961E-02
49 49   -8.4338965565110086E-02
49 55    1.3988622588354770E-02
49 57    1.3729903307798635E-02
49 62    1.4288943324493975E-02
50 36    1.2989457522932783E-02
50 43    1.3375075236229864E-02
50 45    1.7206343536608257E-02
50 50   -8.4643976818940078E-02
50 56    1.4770106363007674E-02
50 58    1.0934917975738336E-02
50 63    1.5368076184423167E-02
51 39    8.6304008119583581E-03
51 44    1.7990690419978209E-02
51 47    1.3562144209290149E-02
51 51   -8.7057765877141438E-02
51 57    2.2101021180635609E-02
51 59    1.5000828763498902E-02
51 64    9.7726804917802022E-03
52 38    1.2880334752989466E-02
52 45    1.0336503578231260E-02
52 46    1.6014229634678114E-02
52 52   -8.5685686049046542E-02
52 58    2.0725608836809555E-02
52 60    1.5071540855687380E-02
52 65    1.0657468390650758E-02
53 40    1.3266225672476824E-02
53 46    1.4045205576102240E-02
53 53   -8.4209876412276008E-02
53 60    1.4730482221466740E-02
53 68    1.3675913278210328E-02
54 42    1.3169115434010165E-02
54 47    1.4648398019901209E-02
54 54   -8.4213863197018346E-02
54 59    1.4214547921561439E-02
54 66    1.3697304510619578E-02
55 41    1.4333397909643521E-02
55 48    1.4029611541307909E-02
55 49    1.3988622588354770E-02
55 55   -8.4195454650663956E-02
55 61    1.3853053560180288E-02
55 62    1.4372381201235913E-02
55 67    1.3618387849941554E-02
56 43    1.3864772435273672E-02
56 48    1.3808469183138029E-02
56 50    1.4770106363007674E-02
56 56   -8.4219517748507999E-02
56 61    1.4339678859807317E-02
56 63    1.3431169544609130E-02
56 69    1.4005321362672178E-02
57 39    1.1616193524692803E-02
57 49    1.3729903307798635E-02
57 51    2.2101021180635609E-02
57 57   -8.6581434596242332E-02
57 62    1.2348448633799809E-02
57 64    9.3749562834266678E-03
57 70    1.7410911665888804E-02
58 45    1.4467193045681403E-02
58 50    1.0934917975738336E-02
58 52    2.0725608836809555E-02
58 58   -8.6477034219319446E-02
58 63    1.2583121865881251E-02
58 65    9.1126526196880515E-03
58 71    1.8653539875520850E-02
59 47    1.3090420862125994E-02
59 51    1.5000828763498902E-02
59 54    1.4214547921561439E-02
59 59   -8.4457601274638222E-02
59 64    1.3449332795203361E-02
59 66    1.4654605512802187E-02
59 75    1.4047865419446342E-02
60 46    1.2563148468983105E-02
60 52    1.5071540855687380E-02
60 53    1.4730482221466740E-02
60 60   -8.4421339753226743E-02
60 65    1.2801037208170898E-02
60 68    1.4734647780602727E-02
60 76    1.4520483218315897E-02
61 48    1.3929254388968196E-02
61 55    1.3853053560180288E-02
61 56    1.4339678859807317E-02
61 61   -8.4190861499240197E-02
61 67    1.4421643399210709E-02
61 69    1.4059158517277797E-02
61 73    1.3588072773795890E-02
62 49    1.4288943324493975E-02
62 55    1.4372381201235913E-02
62 57    1.2348448633799809E-02
62 62   -8.4964709281937723E-02
62 67    1.4157347896552481E-02
62 70    1.7895352344517435E-02
62 72    1.1902235881338118E-02
63 50    1.5368076184423167E-02
63 56    1.3431169544609130E-02
63 58    1.2583121865881251E-02
63 63   -8.4837314195631619E-02
63 69    1.4295524177186264E-02
63 71    1.6831550737377094E-02
63 74    1.2327871686154703E-02
64 51    9.7726804917802022E-03
64 57    9.3749562834266678E-03
64 59    1.3449332795203361E-02
64 64   -8.3395697814511255E-02
64 70    1.7985368836955343E-02
64 75    1.3686103402184530E-02
64 77    9.9851305904595251E-03
64 83    9.1421254145016371E-03
65 52    1.0657468390650758E-02
65 58    9.1126526196880515E-03
65 60    1.2801037208170898E-02
65 65   -8.3149606566112033E-02
65 71    1.7049877099566471E-02
65 76    1.3975521031112069E-02
65 78    1.0286379883385453E-02
65 84    9.2666703335383301E-03
66 54    1.3697304510619578E-02
66 59    1.4654605512802187E-02
66 66   -8.4218204509034306E-02
66 75    1.4156056207464709E-02
66 81    1.3225562294284317E-02
67 55    1.3618387849941554E-02
67 61    1.4421643399210709E-02
67 62    1.4157347896552481E-02
67 67   -8.4202413078332455E-02
67 72    1.4234631685989152E-02
67 73    1.3959044824276415E-02
67 79    1.3811357422362149E-02
68 53    1.3675913278210328E-02
68 60    1.4734647780602727E-02
68 68   -8.4209157478812191E-02
68 76    1.3575715843183001E-02
68 82    1.3920461061196550E-02
69 56    1.4005321362672178E-02
69 61    1.4059158517277797E-02
69 63    1.4295524177186264E-02
69 69   -8.4203693714637706E-02
69 73    1.4030141087953831E-02
69 74    1.3905648050152876E-02
69 80    1.3907900519394743E-02
70 57    1.7410911665888804E-02
70 62    1.7895352344517435E-02
70 64    1.7985368836955343E-02
70 70   -8.8520525890966484E-02
70 72    1.7730922776127370E-02
70 77    1.7497970267477521E-02
71 58    1.8653539875520850E-02
71 63    1.6831550737377094E-02
71 65    1.7049877099566471E-02
71 71   -8.8555076171746905E-02
71 74    1.8069618631051096E-02
71 78    1.7950489828231393E-02
72 62    1.1902235881338118E-02
72 67    1.4234631685989152E-02
72 70    1.7730922776127370E-02
72 72   -8.4923878248138629E-02
72 77    1.2414953270348774E-02
72 79    1.3424014988761845E-02
72 86    1.5217119645573388E-02
73 61    1.3588072773795890E-02
73 67    1.3959044824276415E-02
73 69    1.4030141087953831E-02
73 73   -8.4190756372577405E-02
73 79    1.4433347828669172E-02
73 80    1.4387635926048543E-02
73 87    1.3792513931833559E-02
74 63    1.2327871686154703E-02
74 69    1.3905648050152876E-02
74 71    1.8069618631051096E-02
74 74   -8.5027020904122452E-02
74 78    1.1986990061351847E-02
74 80    1.3375860710147999E-02
74 85    1.5361031765263935E-02
75 59    1.4047865419446342E-02
75 64    1.3686103402184530E-02
75 66    1.4156056207464709E-02
75 75   -8.4518339993629801E-02
75 81    1.5800205874237423E-02
75 83    1.4568215598726019E-02
75 89    1.2259893491570764E-02
76 60    1.4520483218315897E-02
76 65    1.3975521031112069E-02
76 68    1.3575715843183001E-02
76 76   -8.4442883618718795E-02
76 82    1.5201584266958144E-02
76 84    1.4760558836209914E-02
76 88    1.2409020422939770E-02
77 64    9.9851305904595251E-03
77 70    1.7497970267477521E-02
77 72    1.2414953270348774E-02
77 77   -8.6166625885374770E-02
77 83    2.0346870828296306E-02
77 86    1.1145717057232059E-02
77 91    1.4775983871560570E-02
78 65    1.0286379883385453E-02
78 71    1.7950489828231393E-02
78 74    1.1986990061351847E-02
78 78   -8.6131563375443920E-02
78 84    1.9881512518202912E-02
78 85    1.1029581982728475E-02
78 90    1.4996609101543833E-02
79 67    1.3811357422362149E-02
79 72    1.3424014988761845E-02
79 73    1.4433347828669172E-02
79 79   -8.4217136549316784E-02
79 86    1.4833695263990383E-02
79 87    1.3416137709016784E-02
79 93    1.4298583336516468E-02
80 69    1.3907900519394743E-02
80 73    1.4387635926048543E-02
80 74    1.3375860710147999E-02
80 80   -8.4220176827696433E-02
80 85    1.4809057638909138E-02
80 87    1.3359734953366797E-02
80 92    1.4379987079829210E-02
81 66    1.3225562294284317E-02
81 75    1.5800205874237423E-02
81 81   -8.4307903004709014E-02
81 89    1.3180516619722433E-02
81 95    1.3209343163822825E-02
82 68    1.3920461061196550E-02
82 76    1.5201584266958144E-02
82 82   -8.4254288146682857E-02
82 88    1.3230700234094311E-02
82 94    1.3400206308881842E-02
83 64    9.1421254145016371E-03
83 75    1.4568215598726019E-02
83 77    2.0346870828296306E-02
83 83   -8.6052113460644619E-02
83 89    1.7981016955465903E-02
83 91    1.0778547684633931E-02
83 97    1.3235336979020827E-02
84 65    9.2666703335383301E-03
84 76    1.4760558836209914E-02
84 78    1.9881512518202912E-02
84 84   -8.5868783062421031E-02
84 88    1.7793229939034635E-02
84 90    1.0685657258395940E-02
84 96    1.3481154177039292E-02
85 74    1.5361031765263935E-02
85 78    1.1029581982728475E-02
85 80    1.4809057638909138E-02
85 85   -8.4541954259996374E-02
85 90    1.6423210897616728E-02
85 92    1.2423720068955224E-02
85 98    1.4495351906522871E-02
86 72    1.5217119645573388E-02
86 77    1.1145717057232059E-02
86 79    1.4833695263990383E-02
86 86   -8.4516171660932643E-02
86 91    1.6468955034451026E-02
86 93    1.2576676147344566E-02
86 99    1.4274008512341224E-02
87 73    1.3792513931833559E-02
87 79    1.3416137709016784E-02
87 80    1.3359734953366797E-02
87 87   -8.4225799071031004E-02
87 92    1.4934288781315261E-02
87 93    1.4865763681253020E-02
87 100    1.3857360014245592E-02
88 76    1.2409020422939770E-02
88 82    1.3230700234094311E-02
88 84    1.7793229939034635E-02
88 88   -8.4681382926017026E-02
88 94    1.6126064157069190E-02
88 96    1.1651742445086370E-02
88 101    1.3470625727792764E-02
89 75    1.2259893491570764E-02
89 81    1.3180516619722433E-02
89 83    1.7981016955465903E-02
89 89   -8.4741571353948039E-02
89 95    1.6424924003000697E-02
89 97    1.1708800996994291E-02
89 102    1.3186419287193940E-02
90 78    1.4996609101543833E-02
90 84    1.0685657258395940E-02
90 85    1.6423210897616728E-02
90 90   -8.4798289978326349E-02
90 96    1.7138333624364760E-02
90 98    1.1407230692583353E-02
90 103    1.4147248403821746E-02
91 77    1.4775983871560570E-02
91 83    1.0778547684633931E-02
91 86    1.6468955034451026E-02
91 91   -8.4788380513410797E-02
91 97    1.7338854840849603E-02
91 99    1.1654732145501664E-02
91 104    1.3771306936413995E-02
92 80    1.4379987079829210E-02
92 85    1.2423720068955224E-02
92 87    1.4934288781315261E-02
92 92   -8.4303809526032808E-02
92 98    1.5579799651060149E-02
92 100    1.3024883214382131E-02
92 105    1.3961130730490837E-02
93 79    1.4298583336516468E-02
93 86    1.2576676147344566E-02
93 87    1.4865763681253020E-02
93 93   -8.4283269097966837E-02
93 99    1.5507212677177258E-02
93 100    1.3177185451536396E-02
93 106    1.3857847804139123E-02
94 82    1.3400206308881842E-02
94 88    1.6126064157069190E-02
94 94   -8.4361884086299646E-02
94 101    1.2373491173017883E-02
94 107    1.3968603353061670E-02
95 81    1.3209343163822825E-02
95 89    1.6424924003000697E-02
95 95   -8.4413435177581195E-02
95 102    1.2284159973717351E-02
95 108    1.3812223530468791E-02
96 84    1.3481154177039292E-02
96 88    1.1651742445086370E-02
96 90    1.7138333624364760E-02
96 96   -8.4741067523961544E-02
96 101    1.7050010251693132E-02
96 103    1.1405759738551237E-02
96 109    1.4014067287226760E-02
97 83    1.3235336979020827E-02
97 89    1.1708800996994291E-02
97 91    1.7338854840849603E-02
97 97   -8.4781254817254556E-02
97 102    1.7358556409530938E-02
97 104    1.1667580468356703E-02
97 110    1.3472125122502194E-02
98 85    1.4495351906522871E-02
98 90    1.1407230692583353E-02
98 92    1.5579799651060149E-02
98 98   -8.4518049382051763E-02
98 103    1.6613699883699824E-02
98 105    1.2329891250536962E-02
98 111    1.4092075997648619E-02
99 86    1.4274008512341224E-02
99 91    1.1654732145501664E-02
99 93    1.5507212677177258E-02
99 99   -8.4472982941919225E-02
99 104    1.6614223971322159E-02
99 106    1.2657327470354024E-02
99 112    1.3765478165222901E-02
100 87    1.3857360014245592E-02
100 92    1.3024883214382131E-02
100 93    1.3177185451536396E-02
100 100   -8.4253442155575758E-02
100 105    1.5225926944706161E-02
100 106    1.5049896824784751E-02
100 113    1.3918189705920719E-02
101 88    1.3470625727792764E-02
101 94    1.2373491173017883E-02
101 96    1.7050010251693132E-02
101 101   -8.4590032207328789E-02
101 107    1.6078322966821705E-02
101 109    1.1440695276659436E-02
101 114    1.4176886811343867E-02
102 89    1.3186419287193940E-02
102 95    1.2284159973717351E-02
102 97    1.7358556409530938E-02
102 102   -8.4670843067731746E-02
102 108    1.6530434885861638E-02
102 110    1.1480759652933017E-02
102 115    1.3830512858494869E-02
103 90    1.4147248403821746E-02
103 96    1.1405759738551237E-02
103 98    1.6613699883699824E-02
103 103   -8.4666439447020514E-02
103 109    1.6745390784396637E-02
103 111    1.1478223470496192E-02
103 116    1.4276117166054883E-02
104 91    1.3771306936413995E-02
104 97    1.1667580468356703E-02
104 99    1.6614223971322159E-02
104 104   -8.4628147094170075E-02
104 110    1.6964646445281832E-02
104 112    1.1965380130476592E-02
104 117    1.3645009142318788E-02
105 92    1.3961130730490837E-02
105 98    1.2329891250536962E-02
105 100    1.5225926944706161E-02
105 105   -8.4343170014630750E-02
105 111    1.5959075182185516E-02
105 113    1.2918841310542110E-02
105 118    1.3948304596169171E-02
106 93    1.3857847804139123E-02
106 99    1.2657327470354024E-02
106 100    1.5049896824784751E-02
106 106   -8.4293819768542236E-02
106 112    1.5707384977160975E-02
106 113    1.3182788295195272E-02
106 119    1.3838574396908089E-02
107 94    1.3968603353061670E-02
107 101    1.6078322966821705E-02
107 107   -8.4370311996754252E-02
107 114    1.2137813689108504E-02
107 120    1.4029609161237626E-02
108 95    1.3812223530468791E-02
108 102    1.6530434885861638E-02
108 108   -8.4453004973430168E-02
108 115    1.1894045850963961E-02
108 121    1.3895582299788514E-02
109 96    1.4014067287226760E-02
109 101    1.1440695276659436E-02
109 103    1.6745390784396637E-02
109 109   -8.4684748285926925E-02
109 114    1.6720634329654590E-02
109 116    1.1365808545492727E-02
109 122    1.4398152062496766E-02
110 97    1.3472125122502194E-02
110 102    1.1480759652933017E-02
110 104    1.6964646445281832E-02
110 110   -8.4735524711833626E-02
110 115    1.7252991077688594E-02
110 117    1.1669847484325379E-02
110 123    1.3895154929102630E-02
111 98    1.4092075997648619E-02
111 103    1.1478223470496192E-02
111 105    1.5959075182185516E-02
111 111   -8.4555739929609283E-02
111 116    1.6769743979229125E-02
111 118    1.2154936576198330E-02
111 124    1.4101684723851503E-02
112 99    1.3765478165222901E-02
112 104    1.1965380130476592E-02
112 106    1.5707384977160975E-02
112 112   -8.4451544247485522E-02
112 117    1.6549332964589041E-02
112 119    1.2667845250400007E-02
112 125    1.3796122759636003E-02
113 100    1.3918189705920719E-02
113 105    1.2918841310542110E-02
113 106    1.3182788295195272E-02
113 113   -8.4259237632891504E-02
113 118    1.5311989954489224E-02
113 119    1.5007865641599515E-02
113 126    1.3919562725144663E-02
114 101    1.4176886811343867E-02
114 107    1.2137813689108504E-02
114 109    1.6720634329654590E-02
114 114   -8.4554651879195628E-02
114 120    1.5918498212195268E-02
114 122    1.1427243272275255E-02
114 127    1.4173575564618159E-02
115 102    1.3830512858494869E-02
115 108    1.1894045850963961E-02
115 110    1.7252991077688594E-02
115 115   -8.4691124560011086E-02
115 121    1.6529563725669386E-02
115 123    1.1254625062004326E-02
115 128    1.3929385985189943E-02
116 103    1.4276117166054883E-02
116 109    1.1365808545492727E-02
116 111    1.6769743979229125E-02
116 116   -8.4699930581204216E-02
116 122    1.6661991323599346E-02
116 124    1.1253999333047621E-02
116 129    1.4372270233780508E-02
117 104    1.3645009142318788E-02
117 110    1.1669847484325379E-02
117 112    1.6549332964589041E-02
117 117   -8.4616129020994302E-02
117 123    1.6863988626435695E-02
117 125    1.1892460395775755E-02
117 130    1.3995490407549634E-02
118 105    1.3948304596169171E-02
118 111    1.2154936576198330E-02
118 113    1.5311989954489224E-02
118 118   -8.4373472353601084E-02
118 124    1.6155074675784389E-02
118 126    1.2889743584175630E-02
118 131    1.3913422966784342E-02
119 106    1.3838574396908089E-02
119 112    1.2667845250400007E-02
119 113    1.5007865641599515E-02
119 119   -8.4288096824365791E-02
119 125    1.5673941811569454E-02
119 126    1.3242150927140281E-02
119 132    1.3857718796748450E-02
120 107    1.4029609161237626E-02
120 114    1.5918498212195268E-02
120 120   -8.4340822517946334E-02
120 127    1.2295317981951989E-02
120 133    1.3987120047024373E-02
121 108    1.3895582299788514E-02
121 115    1.6529563725669386E-02
121 121   -8.4456683704598495E-02
121 128    1.1858082240027538E-02
121 134    1.3901063211041800E-02
122 109    1.4398152062496766E-02
122 114    1.1427243272275255E-02
122 116    1.6661991323599346E-02
122 122   -8.4664331055890663E-02
122 127    1.6579332598844389E-02
122 129    1.1377185652236742E-02
122 135    1.4220426146438163E-02
123 110    1.3895154929102630E-02
123 115    1.1254625062004326E-02
123 117    1.6863988626435695E-02
123 123   -8.4745907425295836E-02
123 128    1.7207181058337778E-02
123 130    1.1540324874694700E-02
123 136    1.3984632874720711E-02
124 111    1.4101684723851503E-02
124 116    1.1253999333047621E-02
124 118    1.6155074675784389E-02
124 124   -8.4626451971671776E-02
124 129    1.6971176193957715E-02
124 131    1.1948101398020565E-02
124 137    1.4196415647009981E-02
125 112    1.3796122759636003E-02
125 117    1.1892460395775755E-02
125 119    1.5673941811569454E-02
125 125   -8.4454083270027930E-02
125 130    1.6502128230731550E-02
125 132    1.2581854585372112E-02
125 138    1.4007575486943053E-02
126 113    1.3919562725144663E-02
126 118    1.2889743584175630E-02
126 119    1.3242150927140281E-02
126 126   -8.4257879559693494E-02
126 131    1.5345744336764187E-02
126 132    1.4939221040261253E-02
126 139    1.3921456946207486E-02
127 114    1.4173575564618159E-02
127 120    1.2295317981951989E-02
127 122    1.6579332598844389E-02
127 127   -8.4504528412147228E-02
127 133    1.5791677193523729E-02
127 135    1.1632504006087674E-02
127 140    1.4032121067121284E-02
128 115    1.3929385985189943E-02
128 121    1.1858082240027538E-02
128 123    1.7207181058337778E-02
128 128   -8.4686402196412075E-02
128 134    1.6505411456102188E-02
128 136    1.1250468762726628E-02
128 141    1.3935872694027995E-02
129 116    1.4372270233780508E-02
129 122    1.1377185652236742E-02
129 124    1.6971176193957715E-02
129 129   -8.4729393583220042E-02
129 135    1.6698363247609788E-02
129 137    1.1172888140973074E-02
129 142    1.4137510114662206E-02
130 117    1.3995490407549634E-02
130 123    1.1540324874694700E-02
130 125    1.6502128230731550E-02
130 130   -8.4620589651913797E-02
130 136    1.6800287226982187E-02
130 138    1.1801455439861084E-02
130 143    1.3980903472094647E-02
131 118    1.3913422966784342E-02
131 124    1.1948101398020565E-02
131 126    1.5345744336764187E-02
131 131   -8.4408547870829659E-02
131 137    1.6336551799412090E-02
131 139    1.2783722078197696E-02
131 144    1.4081005291650782E-02
132 119    1.3857718796748450E-02
132 125    1.2581854585372112E-02
132 126    1.4939221040261253E-02
132 132   -8.4291236162634980E-02
132 138    1.5682155892448049E-02
132 139    1.3202741829139830E-02
132 145    1.4027544018665289E-02
133 120    1.3987120047024373E-02
133 127    1.5791677193523729E-02
133 133   -8.4316641606320963E-02
133 140    1.2452540334615502E-02
133 146    1.3937698582262193E-02
134 121    1.3901063211041800E-02
134 128    1.6505411456102188E-02
134 134   -8.4452056919380292E-02
134 141    1.1875945070311835E-02
134 147    1.3903070605725560E-02
135 122    1.4220426146438163E-02
135 127    1.1632504006087674E-02
135 129    1.6698363247609788E-02
135 135   -8.4630504665277773E-02
135 140    1.6526114250010052E-02
135 142    1.1506796505535198E-02
135 148    1.4046300509596911E-02
136 123    1.3984632874720711E-02
136 128    1.1250468762726628E-02
136 130    1.6800287226982187E-02
136 136   -8.4732032033804305E-02
136 141    1.7138850658782373E-02
136 143    1.1540902082680450E-02
136 149    1.4016890427911963E-02
137 124    1.4196415647009981E-02
137 129    1.1172888140973074E-02
137 131    1.6336551799412090E-02
137 137   -8.4667682661593108E-02
137 142    1.7078706216982809E-02
137 144    1.1835719217716683E-02
137 150    1.4047401639498469E-02
138 125    1.4007575486943053E-02
138 130    1.1801455439861084E-02
138 132    1.5682155892448049E-02
138 138   -8.4463329109055019E-02
138 143    1.6493537623710221E-02
138 145    1.2511198662186977E-02
138 151    1.3967406003905631E-02
139 126    1.3921456946207486E-02
139 131    1.2783722078197696E-02
139 132    1.3202741829139830E-02
139 139   -8.4271368284447576E-02
139 144    1.5467537759062833E-02
139 145    1.4983524222207743E-02
139 152    1.3912385449631998E-02
140 127    1.4032121067121284E-02
140 133    1.2452540334615502E-02
140 135    1.6526114250010052E-02
140 140   -8.4474317830088186E-02
140 146    1.5739119448576484E-02
140 148    1.1784575787288643E-02
140 153    1.3939846942476223E-02
141 128    1.3935872694027995E-02
141 134    1.1875945070311835E-02
141 136    1.7138850658782373E-02
141 141   -8.4669702224406174E-02
141 147    1.6476613036052933E-02
141 149    1.1304643548270703E-02
141 154    1.3937777216960337E-02
142 129    1.4137510114662206E-02
142 135    1.1506796505535198E-02
142 137    1.7078706216982809E-02
142 142   -8.4724722703224106E-02
142 148    1.6755141876589243E-02
142 150    1.1246926931793258E-02
142 155    1.3999641057661397E-02
143 130    1.3980903472094647E-02
143 136    1.1540902082680450E-02
143 138    1.6493537623710221E-02
143 143   -8.4619298114709363E-02
143 149    1.6792217796025435E-02
143 151    1.1797492307984750E-02
143 156    1.4014244832213861E-02
144 131    1.4081005291650782E-02
144 137    1.1835719217716683E-02
144 139    1.5467537759062833E-02
144 144   -8.4434184430857803E-02
144 150    1.6416925788785824E-02
144 152    1.2674353547298154E-02
144 157    1.3958642826343527E-02
145 132    1.4027544018665289E-02
145 138    1.2511198662186977E-02
145 139    1.4983524222207743E-02
145 145   -8.4298437324083916E-02
145 151    1.5690949141719056E-02
145 152    1.3135332273574666E-02
145 158    1.3949889005730194E-02
146 133    1.3937698582262193E-02
146 140    1.5739119448576484E-02
146 146   -8.4306189148464009E-02
146 153    1.2530070699503001E-02
146 159    1.3919584143007578E-02
147 134    1.3903070605725560E-02
147 141    1.6476613036052933E-02
147 147   -8.4446076435338510E-02
147 154    1.1893170805189368E-02
147 160    1.3917569609601933E-02
148 135    1.4046300509596911E-02
148 140    1.1784575787288643E-02
148 142    1.6755141876589243E-02
148 148   -8.4614303106657310E-02
148 153    1.6498347614283749E-02
148 155    1.1574829190501831E-02
148 161    1.3955108128396933E-02
149 136    1.4016890427911963E-02
149 141    1.1304643548270703E-02
149 143    1.6792217796025435E-02
149 149   -8.4718672987043525E-02
149 154    1.6942194481389668E-02
149 156    1.1406877477840138E-02
149 162    1.4255849255605612E-02
150 137    1.4047401639498469E-02
150 142    1.1246926931793258E-02
150 144    1.6416925788785824E-02
150 150   -8.4668759619086709E-02
150 155    1.7126578619798258E-02
150 157    1.1874373608055804E-02
150 163    1.3956553031155096E-02
151 138    1.3967406003905631E-02
151 143    1.1797492307984750E-02
151 145    1.5690949141719056E-02
151 151   -8.4466503802185719E-02
151 156    1.6533737344310531E-02
151 158    1.2536230413719701E-02
151 164    1.3940688590546053E-02
152 139    1.3912385449631998E-02
152 144    1.2674353547298154E-02
152 145    1.3135332273574666E-02
152 152   -8.4287676257381622E-02
152 157    1.5594300707646575E-02
152 158    1.5061231862012102E-02
152 165    1.3910072417218131E-02
153 140    1.3939846942476223E-02
153 146    1.2530070699503001E-02
153 148    1.6498347614283749E-02
153 153   -8.4460561760269268E-02
153 159    1.5713456921386877E-02
153 161    1.1856658849466132E-02
153 166    1.3922180733153294E-02
154 141    1.3937777216960337E-02
154 147    1.1893170805189368E-02
154 149    1.6942194481389668E-02
154 154   -8.4630923951650672E-02
154 160    1.6420922656705125E-02
154 162    1.1435951204921635E-02
154 167    1.4000907586484548E-02
155 142    1.3999641057661397E-02
155 148    1.1574829190501831E-02
155 150    1.7126578619798258E-02
155 155   -8.4722184082073632E-02
155 161    1.6781880006533273E-02
155 163    1.1289708414694247E-02
155 168    1.3949546792884619E-02
156 143    1.4014244832213861E-02
156 149    1.1406877477840138E-02
156 151    1.6533737344310531E-02
156 156   -8.4652038725024373E-02
156 162    1.6913686416809744E-02
156 164    1.1740080608808198E-02
156 169    1.4043412045041894E-02
157 144    1.3958642826343527E-02
157 150    1.1874373608055804E-02
157 152    1.5594300707646575E-02
157 157   -8.4444111944053907E-02
157 163    1.6466554563275115E-02
157 165    1.2635996714331306E-02
157 170    1.3914243524401577E-02
158 145    1.3949889005730194E-02
158 151    1.2536230413719701E-02
158 152    1.5061231862012102E-02
158 158   -8.4302132080868272E-02
158 164    1.5712681005580965E-02
158 165    1.3107454044342562E-02
158 171    1.3934645749482735E-02
159 146    1.3919584143007578E-02
159 153    1.5713456921386877E-02
159 159   -8.4301614581206413E-02
159 166    1.2556510512467190E-02
159 172    1.3928746872381596E-02
160 147    1.3917569609601933E-02
160 154    1.6420922656705125E-02
160 160   -8.4434455275947728E-02
160 167    1.1914957694933670E-02
160 173    1.3960598422445644E-02
161 148    1.3955108128396933E-02
161 153    1.1856658849466132E-02
161 155    1.6781880006533273E-02
161 161   -8.4607733081689049E-02
161 166    1.6467563329420835E-02
161 168    1.1584887400488556E-02
161 174    1.3961635367383329E-02
162 149    1.4255849255605612E-02
162 154    1.1435951204921635E-02
162 156    1.6913686416809744E-02
162 162   -8.4702649949233780E-02
162 167    1.6712634299279553E-02
162 169    1.1331948975471325E-02
162 175    1.4052579797145913E-02
163 150    1.3956553031155096E-02
163 155    1.1289708414694247E-02
163 157    1.6466554563275115E-02
163 163   -8.4670273461001519E-02
163 168    1.7146742557031396E-02
163 170    1.1886484925393109E-02
163 176    1.3924229969452558E-02
164 151    1.3940688590546053E-02
164 156    1.1740080608808198E-02
164 158    1.5712681005580965E-02
164 164   -8.4479226571120433E-02
164 169    1.6615984853729702E-02
164 171    1.2551055501614965E-02
164 177    1.3918736010840550E-02
165 152    1.3910072417218131E-02
165 157    1.2635996714331306E-02
165 158    1.3107454044342562E-02
165 165   -8.4294000020545407E-02
165 170    1.5638607885068871E-02
165 171    1.5090477089198365E-02
165 178    1.3911391870386180E-02
166 153    1.3922180733153294E-02
166 159    1.2556510512467190E-02
166 161    1.6467563329420835E-02
166 166   -8.4452635503306006E-02
166 172    1.5671779890059204E-02
166 174    1.1874239829476999E-02
166 179    1.3960361208728480E-02
167 154    1.4000907586484548E-02
167 160    1.1914957694933670E-02
167 162    1.6712634299279553E-02
167 167   -8.4587971287641034E-02
167 173    1.6256806552386489E-02
167 175    1.1494899198437053E-02
167 180    1.4207765956119722E-02
168 155    1.3949546792884619E-02
168 161    1.1584887400488556E-02
168 163    1.7146742557031396E-02
168 168   -8.4723376634260911E-02
168 174    1.6789839421516354E-02
168 176    1.1300107051341463E-02
168 181    1.3952253410998530E-02
169 156    1.4043412045041894E-02
169 162    1.1331948975471325E-02
169 164    1.6615984853729702E-02
169 169   -8.4697669157842784E-02
169 175    1.7301116472046341E-02
169 177    1.2011608241541894E-02
169 182    1.3393598570011628E-02
170 157    1.3914243524401577E-02
170 163    1.1886484925393109E-02
170 165    1.5638607885068871E-02
170 170   -8.4448114416820180E-02
170 176    1.6484899688068766E-02
170 178    1.2622851294935313E-02
170 183    1.3901027098952558E-02
171 158    1.3934645749482735E-02
171 164    1.2551055501614965E-02
171 165    1.5090477089198365E-02
171 171   -8.4301434893657615E-02
171 177    1.5700016263689651E-02
171 178    1.3120623808285777E-02
171 184    1.3904616481386127E-02
172 159    1.3928746872381596E-02
172 166    1.5671779890059204E-02
172 172   -8.4295464531937966E-02
172 179    1.2576922826942904E-02
172 185    1.3957406116618297E-02
173 160    1.3960598422445644E-02
173 167    1.6256806552386489E-02
173 173   -8.4402337340155370E-02
173 180    1.2012910604371711E-02
173 186    1.4023048200289569E-02
174 161    1.3961635367383329E-02
174 166    1.1874239829476999E-02
174 168    1.6789839421516354E-02
174 174   -8.4606732465058343E-02
174 179    1.6387487057417396E-02
174 181    1.1513574309477529E-02
174 187    1.4079956479786736E-02
175 162    1.4052579797145913E-02
175 167    1.1494899198437053E-02
175 169    1.7301116472046341E-02
175 175   -8.4789648626792571E-02
175 180    1.6465136093368721E-02
175 182    1.0785300593980907E-02
175 188    1.4690616471813639E-02
176 163    1.3924229969452558E-02
176 168    1.1300107051341463E-02
176 170    1.6484899688068766E-02
176 176   -8.4671578640392806E-02
176 181    1.7187030038475423E-02
176 183    1.1945924376573032E-02
176 189    1.3829387516481564E-02
177 164    1.3918736010840550E-02
177 169    1.2011608241541894E-02
177 171    1.5700016263689651E-02
177 177   -8.4449865937469754E-02
177 182    1.6575940259525419E-02
177 184    1.2846483311679532E-02
177 190    1.3397081850192710E-02
178 165    1.3911391870386180E-02
178 170    1.2622851294935313E-02
178 171    1.3120623808285777E-02
178 178   -8.4293526638937605E-02
178 183    1.5653085041694319E-02
178 184    1.5051010730932731E-02
178 191    1.3934563892703273E-02
179 166    1.3960361208728480E-02
179 172    1.2576922826942904E-02
179 174    1.6387487057417396E-02
179 179   -8.4437705150896006E-02
179 185    1.5572392412633898E-02
179 187    1.1892643384045434E-02
179 192    1.4047898261127892E-02
180 167    1.4207765956119722E-02
180 173    1.2012910604371711E-02
180 175    1.6465136093368721E-02
180 180   -8.4540494915748166E-02
180 186    1.5859930182796262E-02
180 188    1.1454366906492928E-02
180 193    1.4540385172598813E-02
181 168    1.3952253410998530E-02
181 174    1.1513574309477529E-02
181 176    1.7187030038475423E-02
181 181   -8.4735270202617577E-02
181 187    1.6838800060210588E-02
181 189    1.1342793322819194E-02
181 194    1.3900819060636314E-02
182 169    1.3393598570011628E-02
182 175    1.0785300593980907E-02
182 177    1.6575940259525419E-02
182 182   -8.4910689081649726E-02
182 188    1.8504539050315568E-02
182 190    1.2595132503337592E-02
182 195    1.3056178104478608E-02
183 170    1.3901027098952558E-02
183 176    1.1945924376573032E-02
183 178    1.5653085041694319E-02
183 183   -8.4441251854581303E-02
183 189    1.6478530958295261E-02
183 191    1.2704672333989690E-02
183 196    1.3758012045076450E-02
184 171    1.3904616481386127E-02
184 177    1.2846483311679532E-02
184 178    1.5051010730932731E-02
184 184   -8.4278927396141651E-02
184 190    1.5577352280733169E-02
184 191    1.3370829254547632E-02
184 197    1.3528635336862467E-02
185 172    1.3957406116618297E-02
185 179    1.5572392412633898E-02
185 185   -8.4281350949215517E-02
185 192    1.2652965065899621E-02
185 198    1.3970474867794468E-02
186 173    1.4023048200289569E-02
186 180    1.5859930182796262E-02
186 186   -8.4332742453847281E-02
186 193    1.2347278943915452E-02
186 199    1.4028930196560589E-02
187 174    1.4079956479786736E-02
187 179    1.1892643384045434E-02
187 181    1.6838800060210588E-02
187 187   -8.4632077415204454E-02
187 192    1.6040783702911839E-02
187 194    1.1126829568978173E-02
187 200    1.4653064219271698E-02
188 175    1.4690616471813639E-02
188 180    1.1454366906492928E-02
188 182    1.8504539050315568E-02
188 188   -8.5115876731955392E-02
188 193    1.5759203851681523E-02
188 195    9.5160637363418919E-03
188 201    1.5191086715309839E-02
189 176    1.3829387516481564E-02
189 181    1.1342793322819194E-02
189 183    1.6478530958295261E-02
189 189   -8.4684723647821772E-02
189 194    1.7443466440878415E-02
189 196    1.2368452547290146E-02
189 202    1.3222092862057191E-02
190 177    1.3397081850192710E-02
190 182    1.2595132503337592E-02
190 184    1.5577352280733169E-02
190 190   -8.4403960124397534E-02
190 195    1.6476985761601379E-02
190 197    1.3462486664909231E-02
190 203    1.2894921063623456E-02
191 178    1.3934563892703273E-02
191 183    1.2704672333989690E-02
191 184    1.3370829254547632E-02
191 191   -8.4268578081182641E-02
191 196    1.5547799337086391E-02
191 197    1.4713377830651953E-02
191 204    1.3997335432203691E-02
192 179    1.4047898261127892E-02
192 185    1.2652965065899621E-02
192 187    1.6040783702911839E-02
192 192   -8.4387943658636722E-02
192 198    1.5341960272710368E-02
192 200    1.2039286206500615E-02
192 206    1.4265050149486383E-02
193 180    1.4540385172598813E-02
193 186    1.2347278943915452E-02
193 188    1.5759203851681523E-02
193 193   -8.4433444935337665E-02
193 199    1.5072360381551809E-02
193 201    1.1691169740746476E-02
193 205    1.5023046844843594E-02
194 181    1.3900819060636314E-02
194 187    1.1126829568978173E-02
194 189    1.7443466440878415E-02
194 194   -8.4895154226327069E-02
194 200    1.7428201794595873E-02
194 202    1.1155224655946930E-02
194 207    1.3840612705291371E-02
195 182    1.3056178104478608E-02
195 188    9.5160637363418919E-03
195 190    1.6476985761601379E-02
195 195   -8.5431352287816453E-02
195 201    1.9831939723598275E-02
195 203    1.4702680082813561E-02
195 208    1.1847504878982748E-02
196 183    1.3758012045076450E-02
196 189    1.2368452547290146E-02
196 191    1.5547799337086391E-02
196 196   -8.4407117768196982E-02
196 202    1.6436459642167306E-02
196 204    1.3253490067354830E-02
196 209    1.3042904129221867E-02
197 184    1.3528635336862467E-02
197 190    1.3462486664909231E-02
197 191    1.4713377830651953E-02
197 197   -8.4220662967956550E-02
197 203    1.4985418663943012E-02
197 204    1.3758605037762052E-02
197 210    1.3772139433827829E-02
198 185    1.3970474867794468E-02
198 192    1.5341960272710368E-02
198 198   -8.4254898692795718E-02
198 206    1.2931913965513117E-02
198 212    1.3840882052813275E-02
199 186    1.4028930196560589E-02
199 193    1.5072360381551809E-02
199 199   -8.4246706812235408E-02
199 205    1.3380743528975473E-02
199 211    1.3527418111183655E-02
200 187    1.4653064219271698E-02
200 192    1.2039286206500615E-02
200 194    1.7428201794595873E-02
200 200   -8.4825470183131982E-02
200 206    1.5017412861085839E-02
200 207    1.0088342335324595E-02
200 214    1.5599162766353366E-02
201 188    1.5191086715309839E-02
201 193    1.1691169740746476E-02
201 195    1.9831939723598275E-02
201 201   -8.6192920130648443E-02
201 205    1.2294806412128743E-02
201 208    8.6534206886175885E-03
201 213    1.8530496850247508E-02
202 189    1.3222092862057191E-02
202 194    1.1155224655946930E-02
202 196    1.6436459642167306E-02
202 202   -8.5006553814567037E-02
202 207    1.8865861521803352E-02
202 209    1.3662192766261527E-02
202 215    1.1664722366330718E-02
203 190    1.2894921063623456E-02
203 195    1.4702680082813561E-02
203 197    1.4985418663943012E-02
203 203   -8.4345151469978799E-02
203 208    1.3424063183406471E-02
203 210    1.3445577671565036E-02
203 216    1.4892490804627269E-02
204 191    1.3997335432203691E-02
204 196    1.3253490067354830E-02
204 197    1.3758605037762052E-02
204 204   -8.4215336613572458E-02
204 209    1.4919577306897965E-02
204 210    1.4283920121082379E-02
204 217    1.4002408648271547E-02
205 193    1.5023046844843594E-02
205 199    1.3380743528975473E-02
205 201    1.2294806412128743E-02
205 205   -8.4866719837794716E-02
205 211    1.5324800216299481E-02
205 213    1.7122211838689151E-02
205 218    1.1721110996858276E-02
206 192    1.4265050149486383E-02
206 198    1.2931913965513117E-02
206 200    1.5017412861085839E-02
206 206   -8.4272465058727583E-02
206 212    1.5096048255242878E-02
206 214    1.3026427696433071E-02
206 219    1.3935612130966307E-02
207 194    1.3840612705291371E-02
207 200    1.0088342335324595E-02
207 202    1.8865861521803352E-02
207 207   -8.5582175021297668E-02
207 214    1.7960585679905425E-02
207 215    9.7870866558300330E-03
207 220    1.5039686123142888E-02
208 195    1.1847504878982748E-02
208 201    8.6534206886175885E-03
208 203    1.3424063183406471E-02
208 208   -8.3235794228384591E-02
208 213    1.7211719468598605E-02
208 216    9.8006543390477350E-03
208 221    7.9731942132640846E-03
208 222    1.4325237456467365E-02
209 196    1.3042904129221867E-02
209 202    1.3662192766261527E-02
209 204    1.4919577306897965E-02
209 209   -8.4311635819338315E-02
209 215    1.5487160879167339E-02
209 217    1.4229734966985885E-02
209 223    1.2970065770803736E-02
210 197    1.3772139433827829E-02
210 203    1.3445577671565036E-02
210 204    1.4283920121082379E-02
210 210   -8.4246962379951759E-02
210 216    1.5149767269366576E-02
210 217    1.4662000108123498E-02
210 224    1.2933557775986444E-02
211 199    1.3527418111183655E-02
211 205    1.5324800216299481E-02
211 211   -8.4286203141446511E-02
211 218    1.3532209822653195E-02
211 225    1.3324086244664433E-02
212 198    1.3840882052813275E-02
212 206    1.5096048255242878E-02
212 212   -8.4249634814503857E-02
212 219    1.3425253604653188E-02
212 227    1.3452688245436131E-02
213 201    1.8530496850247508E-02
213 205    1.7122211838689151E-02
213 208    1.7211719468598605E-02
213 213   -8.8475979264611163E-02
213 218    1.7314353470410666E-02
213 221    1.8297197636665225E-02
214 200    1.5599162766353366E-02
214 206    1.3026427696433071E-02
214 207    1.7960585679905425E-02
214 214   -8.5256785194796889E-02
214 219    1.2805986381850615E-02
214 220    9.1354063658990250E-03
214 226    1.6729216304355386E-02
215 202    1.1664722366330718E-02
215 207    9.7870866558300330E-03
215 209    1.5487160879167339E-02
215 215   -8.5360113562046244E-02
215 220    1.9045061423570188E-02
215 223    1.6549633218853818E-02
215 228    1.2826449018294148E-02
216 203    1.4892490804627269E-02
216 208    9.8006543390477350E-03
216 210    1.5149767269366576E-02
216 216   -8.6294137147675018E-02
216 222    2.0993830404369172E-02
216 224    1.6639207014258493E-02
216 231    8.8181873160057683E-03
217 204    1.4002408648271547E-02
217 209    1.4229734966985885E-02
217 210    1.4662000108123498E-02
217 217   -8.4219823757725049E-02
217 223    1.3816335210317743E-02
217 224    1.3270449110661379E-02
217 230    1.4238895713364995E-02
218 205    1.1721110996858276E-02
218 211    1.3532209822653195E-02
218 213    1.7314353470410666E-02
218 218   -8.5712000376515038E-02
218 221    1.4948252605210597E-02
218 225    1.6945746988454774E-02
218 229    1.1250326492927532E-02
219 206    1.3935612130966307E-02
219 212    1.3425253604653188E-02
219 214    1.2805986381850615E-02
219 219   -8.5563068933756758E-02
219 226    1.8807430001280920E-02
219 227    1.7021578141821311E-02
219 232    9.5672086731844151E-03
220 207    1.5039686123142888E-02
220 214    9.1354063658990250E-03
220 215    1.9045061423570188E-02
220 220   -8.6407655552880130E-02
220 226    1.8507414590285695E-02
220 228    1.0128029193755142E-02
220 233    1.4552057856227183E-02
221 208    7.9731942132640846E-03
221 213    1.8297197636665225E-02
221 218    1.4948252605210597E-02
221 221   -8.7050617014847023E-02
221 222    2.0306863434671658E-02
221 229    1.1822031613423874E-02
221 234    1.3703077511611587E-02
222 208    1.4325237456467365E-02
222 216    2.0993830404369172E-02
222 221    2.0306863434671658E-02
222 222   -8.9050298940768685E-02
222 231    1.6311835687401084E-02
222 234    1.7112531957859403E-02
223 209    1.2970065770803736E-02
223 215    1.6549633218853818E-02
223 217    1.3816335210317743E-02
223 223   -8.4749225452312185E-02
223 228    1.1715763524914531E-02
223 230    1.3906271172284079E-02
223 235    1.5791156555138266E-02
224 210    1.2933557775986444E-02
224 216    1.6639207014258493E-02
224 217    1.3270449110661379E-02
224 224   -8.4637467200360500E-02
224 230    1.5160549325269989E-02
224 231    1.2076416305157432E-02
224 238    1.4557287669026767E-02
225 211    1.3324086244664433E-02
225 218    1.6945746988454774E-02
225 225   -8.4820231436805657E-02
225 229    1.1297271405928231E-02
225 236    1.5910698569040125E-02
226 214    1.6729216304355386E-02
226 219    1.8807430001280920E-02
226 220    1.8507414590285695E-02
226 226   -8.8631148643883273E-02
226 232    1.6518737813158491E-02
226 233    1.8068349934802792E-02
227 212    1.3452688245436131E-02
227 219    1.7021578141821311E-02
227 227   -8.4722715090185988E-02
227 232    1.1319564471741018E-02
227 237    1.5093661007390635E-02
228 215    1.2826449018294148E-02
228 220    1.0128029193755142E-02
228 223    1.1715763524914531E-02
228 228   -8.2020681204925394E-02
228 233    1.2028345230306384E-02
228 235    1.1089864697534462E-02
228 239    1.1975801345589803E-02
228 244    1.2256428194530933E-02
229 218    1.1250326492927532E-02
229 221    1.1822031613423874E-02
229 225    1.1297271405928231E-02
229 229   -8.1956957777465936E-02
229 234    1.2082397406752156E-02
229 236    1.2404302795725942E-02
229 242    1.1937781483869658E-02
229 245    1.1162846578838554E-02
230 217    1.4238895713364995E-02
230 223    1.3906271172284079E-02
230 224    1.5160549325269989E-02
230 230   -8.4438097947371046E-02
230 235    1.5944046453980846E-02
230 238    1.3681889012920162E-02
230 241    1.1506446269550975E-02
231 216    8.8181873160057683E-03
231 222    1.6311835687401084E-02
231 224    1.2076416305157432E-02
231 231   -8.2664828938627602E-02
231 234    1.0050910352103253E-02
231 238    1.2514319267605661E-02
231 243    1.1371143860663525E-02
231 247    1.1522016149690884E-02
232 219    9.5672086731844151E-03
232 226    1.6518737813158491E-02
232 227    1.1319564471741018E-02
232 232   -8.2796441928769823E-02
232 233    9.9438330732635524E-03
232 237    1.2631329940560591E-02
232 240    1.1027438470476481E-02
232 246    1.1788329486385283E-02
233 220    1.4552057856227183E-02
233 226    1.8068349934802792E-02
233 228    1.2028345230306384E-02
233 232    9.9438330732635524E-03
233 233   -8.5939751919692234E-02
233 239    1.5271004770724177E-02
233 240    1.6076161054368147E-02
234 221    1.3703077511611587E-02
234 222    1.7112531957859403E-02
234 229    1.2082397406752156E-02
234 231    1.0050910352103253E-02
234 234   -8.5611636604537245E-02
234 242    1.6070500111531986E-02
234 243    1.6592219264678847E-02
235 223    1.5791156555138266E-02
235 228    1.1089864697534462E-02
235 230    1.5944046453980846E-02
235 235   -8.5715545697510276E-02
235 241    1.2543497903639681E-02
235 244    1.4906305670726211E-02
235 248    1.5440674416490800E-02
236 225    1.5910698569040125E-02
236 229    1.2404302795725942E-02
236 236   -8.5535346484654870E-02
236 245    1.4791532875237242E-02
236 249    1.6100569761014375E-02
237 227    1.5093661007390635E-02
237 232    1.2631329940560591E-02
237 237   -8.5534617918246847E-02
237 246    1.4674257861966217E-02
237 250    1.6700350824400113E-02
238 224    1.4557287669026767E-02
238 230    1.3681889012920162E-02
238 231    1.2514319267605661E-02
238 238   -8.5681627415381253E-02
238 241    1.2741415702902487E-02
238 247    1.4943388416714963E-02
238 251    1.7243327346211215E-02
239 228    1.1975801345589803E-02
239 233    1.5271004770724177E-02
239 239   -8.4612993744761861E-02
239 240    1.4026126402060947E-02
239 244    1.6052483884755109E-02
239 252    1.2965748978279932E-02
239 254    1.4321828363351902E-02
240 232    1.1027438470476481E-02
240 233    1.6076161054368147E-02
240 239    1.4026126402060947E-02
240 240   -8.4738632546891929E-02
240 246    1.5186520865253079E-02
240 252    1.4753210469462593E-02
240 258    1.3669175285270684E-02
241 230    1.1506446269550975E-02
241 235    1.2543497903639681E-02
241 238    1.2741415702902487E-02
241 241   -8.8332027431066384E-02
241 248    2.3073381255334337E-02
241 251    2.1330704992108852E-02
241 255    7.1365813075300434E-03
242 229    1.1937781483869658E-02
242 234    1.6070500111531986E-02
242 242   -8.4698049523296612E-02
242 243    1.3015763610950713E-02
242 245    1.5735392659823582E-02
242 253    1.4097333990372886E-02
242 256    1.3841277666747778E-02
243 231    1.1371143860663525E-02
243 234    1.6592219264678847E-02
243 242    1.3015763610950713E-02
243 243   -8.4783642475376661E-02
243 247    1.5905436207875424E-02
243 253    1.3883935252268720E-02
243 257    1.4015144278939438E-02
244 228    1.2256428194530933E-02
244 235    1.4906305670726211E-02
244 239    1.6052483884755109E-02
244 244   -8.5566456410756178E-02
244 248    1.6113304147074962E-02
244 254    1.4168298919197894E-02
244 259    1.2069635594471061E-02
245 229    1.1162846578838554E-02
245 236    1.4791532875237242E-02
245 242    1.5735392659823582E-02
245 245   -8.5711956439017106E-02
245 249    1.5473841907328870E-02
245 256    1.6004844514149144E-02
245 262    1.2543497903639714E-02
246 232    1.1788329486385283E-02
246 237    1.4674257861966217E-02
246 240    1.5186520865253079E-02
246 246   -8.5650604087090257E-02
246 250    1.5196222764725650E-02
246 258    1.6261775205120330E-02
246 260    1.2543497903639702E-02
247 231    1.1522016149690884E-02
247 238    1.4943388416714963E-02
247 243    1.5905436207875424E-02
247 247   -8.5657185578238093E-02
247 251    1.4896768127939074E-02
247 257    1.5846078772378022E-02
247 261    1.2543497903639733E-02
248 235    1.5440674416490800E-02
248 241    2.3073381255334337E-02
248 244    1.6113304147074962E-02
248 248   -8.9878839227468199E-02
248 255    1.3268566112379931E-02
248 259    2.1982913296188161E-02
249 236    1.6100569761014375E-02
249 245    1.5473841907328870E-02
249 249   -8.9878719319399114E-02
249 262    2.3073381255334306E-02
250 237    1.6700350824400113E-02
250 246    1.5196222764725650E-02
250 250   -8.9828957423461919E-02
250 260    2.3073381255334299E-02
251 238    1.7243327346211215E-02
251 241    2.1330704992108852E-02
251 247    1.4896768127939074E-02
251 251   -8.9812747833973375E-02
251 255    1.3268566112379962E-02
251 261    2.3073381255334278E-02
252 239    1.2965748978279932E-02
252 240    1.4753210469462593E-02
252 252   -4.2135303275550380E-02
252 254    7.4015380571538988E-03
252 258    7.0148057706539554E-03
253 242    1.4097333990372886E-02
253 243    1.3883935252268720E-02
253 253   -4.2107402178066348E-02
253 256    7.0765582682311224E-03
253 257    7.0495746671936201E-03
254 239    1.4321828363351902E-02
254 244    1.4168298919197894E-02
254 252    7.4015380571538988E-03
254 254   -4.2129832875329995E-02
254 259    6.2381675356262987E-03
255 241    7.1365813075300434E-03
255 248    1.3268566112379931E-02
255 251    1.3268566112379962E-02
255 255   -4.0810294839819995E-02
255 259    3.7039061589252804E-03
255 261    3.4326751486047778E-03
256 242    1.3841277666747778E-02
256 245    1.6004844514149144E-02
256 253    7.0765582682311224E-03
256 256   -4.2278075465381468E-02
256 262    5.3553950162534246E-03
257 243    1.4015144278939438E-02
257 247    1.5846078772378022E-02
257 253    7.0495746671936201E-03
257 257   -4.2266192734764507E-02
257 261    5.3553950162534246E-03
258 240    1.3669175285270684E-02
258 246    1.6261775205120330E-02
258 252    7.0148057706539554E-03
258 258   -4.2301151277298402E-02
258 260    5.3553950162534281E-03
259 244    1.2069635594471061E-02
259 248    2.1982913296188161E-02
259 254    6.2381675356262987E-03
259 255    3.7039061589252804E-03
259 259   -4.3994622585210801E-02
260 246    1.2543497903639702E-02
260 250    2.3073381255334299E-02
260 258    5.3553950162534281E-03
260 260   -4.4404949323832217E-02
261 247    1.2543497903639733E-02
261 251    2.3073381255334278E-02
261 255    3.4326751486047778E-03
261 257    5.3553950162534246E-03
261 261   -4.4404949323832210E-02
262 245    1.2543497903639714E-02
262 249    2.3073381255334306E-02
262 256    5.3553950162534246E-03
262 262   -4.4404949323832224E-02
