        1.      0.00000000E+00
        2.      0.00000000E+00
        3.      0.00000000E+00
        4.      0.00000000E+00
        5.      0.00000000E+00
        6.      0.00000000E+00
        7.      0.00000000E+00
        8.      0.00000000E+00
        9.      0.00000000E+00
       10.      0.00000000E+00
       11.      0.00000000E+00
       12.      0.00000000E+00
       13.      0.00000000E+00
       14.      0.00000000E+00
       15.      0.00000000E+00
       16.      0.00000000E+00
       17.      0.00000000E+00
       18.      0.00000000E+00
       19.      0.00000000E+00
       20.      0.00000000E+00
       21.      0.00000000E+00
       44.      0.00000000E+00
       48.      0.00000000E+00
       49.      0.00000000E+00
       50.      0.00000000E+00
       51.      0.00000000E+00
       52.      0.00000000E+00
      169.      0.00000000E+00
      170.      0.00000000E+00
      171.      0.00000000E+00
      172.      0.00000000E+00
      173.      0.00000000E+00
      174.      0.00000000E+00
      175.      0.00000000E+00
      176.      0.00000000E+00
      177.      0.00000000E+00
      178.      0.00000000E+00
      179.      0.00000000E+00
      180.      0.00000000E+00
      181.      0.00000000E+00
      182.      0.00000000E+00
      183.      0.00000000E+00
      184.      0.00000000E+00
      185.      0.00000000E+00
      186.      0.00000000E+00
      187.      0.00000000E+00
      188.      0.00000000E+00
      189.      0.00000000E+00
      190.      0.00000000E+00
      191.      0.00000000E+00
      192.      0.00000000E+00
      193.      0.00000000E+00
      194.      0.00000000E+00
