% Coordinates
0.0                      1574.5955                
4.6789606E-5             1577.7709                
4.6789606E-5             1577.7709                
9.6947006E-5             1588.5864                
9.6947006E-5             1588.5864                
1.4711662E-4             1606.2528                
1.4711662E-4             1606.2528                
1.9728622E-4             1631.0155                
1.9728622E-4             1631.0155                
2.4745584E-4             1662.5925                
2.4745584E-4             1662.5925                
2.9762546E-4             1700.5464                
2.9762546E-4             1700.5464                
3.4779508E-4             1744.3086                
3.4779508E-4             1744.3086                
3.979647E-4              1792.4159                
3.979647E-4              1792.4159                
4.4813432E-4             1843.3961                
4.4813432E-4             1843.3961                
4.983039E-4              1895.45                  
4.983039E-4              1895.45                  
5.484735E-4              1947.055                 
5.484735E-4              1947.055                 
5.986431E-4              1997.0284                
5.986431E-4              1997.0284                
6.488127E-4              2045.1805                
6.488127E-4              2045.1805                
6.989823E-4              2091.948                 
6.989823E-4              2091.948                 
7.4915186E-4             2137.4985                
7.4915186E-4             2137.4985                
7.9932145E-4             2182.3591                
7.9932145E-4             2182.3591                
8.4949104E-4             2226.925                 
8.4949104E-4             2226.925                 
8.9966063E-4             2271.6143                
8.9966063E-4             2271.6143                
9.498302E-4              2316.7168                
9.498302E-4              2316.7168                
9.999998E-4              2362.3467                
9.999998E-4              2362.3467                
0.0010501695             2408.6228                
0.0010501695             2408.6228                
0.0011003391             2455.5034                
0.0011003391             2455.5034                
0.0011505088             2502.9417                
0.0011505088             2502.9417                
0.0012006784             2550.6958                
0.0012006784             2550.6958                
0.001250848              2598.4023                
0.001250848              2598.4023                
0.0013010177             2645.3755                
0.0013010177             2645.3755                
0.0013511874             2690.606                 
0.0013511874             2690.606                 
0.001401357              2732.638                 
0.001401357              2732.638                 
0.0014515267             2770.334                 
0.0014515267             2770.334                 
0.0015016963             2801.0256                
0.0015016963             2801.0256                
0.001551866              2824.5679                
0.001551866              2824.5679                
0.0016020356             2841.0127                
0.0016020356             2841.0127                
0.0016522052             2851.263                 
0.0016522052             2851.263                 
0.0017023749             2857.378                 
0.0017023749             2857.378                 
0.0017525445             2860.0967                
0.0017525445             2860.0967                
0.0018027142             2861.2058                
0.0018027142             2861.2058                
0.0018528838             2861.2747                
0.0018528838             2861.2747                
0.0019030535             2861.038                 
0.0019030535             2861.038                 
0.001953211              2860.7236                
0.001953211              2860.7236                
0.0020000006             2860.615                 
% Elements (lines)
1         2         
3         4         
5         6         
7         8         
9         10        
11        12        
13        14        
15        16        
17        18        
19        20        
21        22        
23        24        
25        26        
27        28        
29        30        
31        32        
33        34        
35        36        
37        38        
39        40        
41        42        
43        44        
45        46        
47        48        
49        50        
51        52        
53        54        
55        56        
57        58        
59        60        
61        62        
63        64        
65        66        
67        68        
69        70        
71        72        
73        74        
75        76        
77        78        
79        80        
